site,A,C,D,E,F,G,H,I,K,L,M,N,P,Q,R,S,T,V,W,Y,*
31,0.07019439574833039,0.05732055452708529,0.03944373042863911,0.03656533550195376,0.04315099438802078,0.0370346270083701,0.04487481969443367,0.047880371263278314,0.07056941032090276,0.04276541449663833,0.053561345064972635,0.04206952838134551,0.05005172200910538,0.041826884745242474,0.04618795509788035,0.04495947430993475,0.02481828816265072,0.057053610876709376,0.04869271322226807,0.04748357464324143,0.053495250108996785
32,0.08056992044874298,0.05846359863572367,0.11142854997162294,0.04899608958004562,0.021812602928243188,0.1349495486693943,0.05596823640062794,0.03208719037667952,0.022968680505103013,0.049733619168288556,0.04520992914259305,0.02121887302477296,0.04205855647824118,0.024850395456407263,0.020478925675767208,0.10859848819898722,0.013493298372350176,0.023065635875756534,0.05431466149530444,0.019321134674147877,0.010412064921200366
33,0.0523637402277253,0.09698203127206871,0.09507337771227296,0.048097463540789996,0.006875565701421602,0.03454673260834353,0.04621480724788056,0.023578786479953876,0.05690939954490162,0.021851263068825573,0.023653216860652228,0.08667500229377581,0.003950280102229509,0.09929946711561691,0.07819734167062972,0.04352437947765233,0.033165260037260585,0.021569055664773937,0.03882947585538219,0.06144095252407967,0.027202400993763347
34,0.01975505137023831,0.02764208541661821,0.031168829873813003,0.10280812532814645,0.04709538853183445,0.03676120422003858,0.013386663305510353,0.04358472945084247,0.048864695339640773,0.07632451447363028,0.04775803689626543,0.01740047288222416,0.05034118370465931,0.040370141661616586,0.08045981305401256,0.05647804803589295,0.08727502998504395,0.01843322584565949,0.024474199095707035,0.09018407498197314,0.0394344865466325
35,0.013396384402243338,0.04040029814771633,0.037897127760773315,0.019528574473044232,0.043889376227398955,0.04376121953478908,0.05373147663782158,0.018371796872643963,0.024710144595476408,0.02032749848133172,0.021274160319920604,0.07773691111450091,0.048224990181812366,0.0238743662762859,0.034946254143966723,0.008865589380723357,0.027200776894439917,0.05508931431184029,0.19680087144606295,0.16028319885901066,0.02968966993819742
36,0.06335199190412304,0.029014747487032196,0.01769407871258465,0.04680155733156431,0.023389361710353343,0.05474451555442861,0.019412047923708785,0.059366188101672955,0.018641852017329246,0.024733543105406635,0.04819869328564934,0.011738566794893069,0.00945943950578483,0.009748154707325573,0.016666682187938868,0.01914306418891523,0.26532272739284884,0.16496790465998418,0.038868918508328895,0.0266063714231766,0.032129593496950846
37,0.04312204187888674,0.08461498069224822,0.0216105974194098,0.013291540825996548,0.02358381871489967,0.021697530562314413,0.017670552627771174,0.06437842425980123,0.04935678151925992,0.036459755903175316,0.038377366744280335,0.047142194060743665,0.0592209764731335,0.013205809556888708,0.04562504721870151,0.08011725961515934,0.16702664714037968,0.014850540575600953,0.04629136258947585,0.020988504744369,0.09136826687750445
38,0.024244595782915625,0.040551580293348044,0.012622968217709479,0.026560012052028254,0.020680313930654164,0.02681837894877426,0.023890691030661323,0.039768967115258826,0.06398199629591676,0.006966843604118003,0.033595507549278994,0.0901020317893833,0.011689301326749706,0.13073097353027296,0.03080688562981036,0.0827336984765112,0.019908392454717483,0.22632508259093362,0.03739778457706847,0.023681914464336123,0.026942080339553035
39,0.031877925421256,0.04496293245170283,0.02588301487886513,0.01880932352158552,0.12684200027134795,0.03373191485263037,0.046548767092288876,0.025685970423832208,0.0792164699804689,0.0076482740950877745,0.04046138867602826,0.035786702543497015,0.034291940349943144,0.016792967648392013,0.03676463438492442,0.07190881897984241,0.031687173393853595,0.012168843266301113,0.048711780236168796,0.19411525806404528,0.03610389946793839
40,0.012900753671545683,0.04443400444554209,0.0944476772610858,0.09988382799593874,0.021753326105403134,0.013086537624040728,0.022940484720689026,0.014000944350984253,0.013969011322346401,0.022402555500437505,0.04458321395039675,0.04534301038754114,0.016808916772026176,0.029231215464803575,0.02537841853040158,0.013983009987300477,0.12323298767257275,0.06574293491610657,0.026339313200836444,0.2136847239408753,0.03585313217912588
41,0.06180977891801723,0.02320817321521268,0.02738753537618623,0.06063945267870413,0.014995084202799405,0.23867633649767858,0.046259357781861334,0.03322064160398101,0.026965536300228295,0.02751614289975451,0.017834360529626586,0.07548516287240387,0.023338357745145973,0.06048811592590384,0.025283386750759605,0.03454836373060375,0.06756442602015218,0.05315199125734822,0.03264897726104642,0.013709105709099995,0.03526971272348617
42,0.03843671479546987,0.08003052513074906,0.043721673469499865,0.1017447361254158,0.02428558510043087,0.02818072597484599,0.04550224029160472,0.09842707260899983,0.019615200106053294,0.01693273981346968,0.031154014723140132,0.04563834925394295,0.029934278761582608,0.05359345180676312,0.021745862590284708,0.024066459729664764,0.03740727678280987,0.16485398900466444,0.02372055771148193,0.037203081759055116,0.033805464460071336
43,0.020398986555117862,0.0519640870976198,0.026060681116585886,0.017363888866930178,0.07438934831001796,0.03851611241187592,0.036087818988150465,0.059677975602989285,0.05336779490150475,0.022241895502467617,0.02706581718979795,0.017084967822327372,0.18631515129665904,0.06475061986402739,0.012048438396377923,0.052001956183362834,0.01598493153425826,0.03759936076068466,0.05314004541436318,0.04803289025745051,0.08590723192743115
44,0.03653682211407524,0.10225148891309523,0.03374194696133815,0.028162830498169474,0.02098499078205954,0.026649380121598194,0.006661565761770539,0.051145333218537176,0.08721450058070203,0.025008980367001506,0.03437641228776361,0.042586935873378855,0.014811011284491724,0.12836937346323732,0.037780766307907776,0.0623885101340047,0.04031133092928761,0.14845288023071734,0.022653171565458815,0.03473881842334949,0.015172950182055668
45,0.07534288895126023,0.018628191259562634,0.04259298636743295,0.023065398579911165,0.14100971379599142,0.029948257285176014,0.023020321618544948,0.027444316729755995,0.04658918349096992,0.019547401116298206,0.042907129887435363,0.011071314991421725,0.06461855780004547,0.03273407282435261,0.040779529790977376,0.06261791465448778,0.020829829983782116,0.01527776252695013,0.16494164658502847,0.08243022146241474,0.014603360298200687
46,0.07249663555494108,0.17859223743916805,0.028008815359017194,0.04611416003737216,0.01960356211997525,0.04709142392083908,0.016549461058541066,0.0445439288600084,0.06332843441793763,0.06161883107041324,0.036478638735668645,0.050282557771928325,0.026655458178696335,0.05816024813146575,0.023291737963029833,0.03658167440234029,0.03849011720032362,0.056892660648345486,0.01283401934664739,0.07369748093898577,0.008687916844355407
47,0.058447947391107535,0.023832470761990715,0.08278625451409789,0.1585365467093623,0.049555652239759246,0.0391745563257783,0.10857025880924477,0.00681233976619983,0.008160720490396126,0.006255094576577279,0.014164649997725272,0.020901059001272298,0.07370530067795852,0.03700320472868924,0.05266069686009619,0.06951612533511443,0.04382749953638805,0.02961665889676084,0.046218183402721,0.03596114812247711,0.03429363185628309
48,0.10553043527916027,0.0932289414368695,0.055183316313208164,0.04340831318063804,0.014338998777492997,0.06684198804185837,0.05072474880407083,0.0088790716422327,0.011378602345813936,0.010621043105965261,0.04161473162268847,0.02337620141809767,0.025308245120022967,0.035207209228490695,0.0314132324993145,0.08014892900762273,0.11902183032895403,0.027171552091175822,0.1056582137993932,0.042292947851299854,0.00865144810562996
49,0.016513810433668716,0.01294739292859078,0.11858774359045153,0.055097335318429065,0.09664000356103304,0.039402315694507084,0.009842287233061773,0.040921349912307996,0.028677802355171342,0.03217695440718713,0.11464553199091874,0.027739450387740776,0.0284397551551667,0.0602048641818143,0.06782256077857773,0.06735904516514346,0.049867662290402986,0.05101249692209716,0.03900878128182151,0.032128588256044734,0.010964268155863433
50,0.05308481776818332,0.048100499699975,0.03027138290186337,0.041303074894327454,0.029976663362704267,0.051422050351862016,0.01615501668515261,0.03886031471038119,0.05052023304272143,0.026989171629420765,0.037974364436389865,0.03582592488828227,0.10651937986650643,0.019754611582367944,0.011603952467882803,0.05981118209988867,0.130821737718846,0.09883037122819162,0.036408546006337056,0.043069607298739536,0.0326970973599764
51,0.054056048709081025,0.07914556849953276,0.07683876286826016,0.06856074167800974,0.025447453031131217,0.027872828222721642,0.02279280149111977,0.12412858986444238,0.020538362673659175,0.0462960457172363,0.020415637638445623,0.01327336093846522,0.03170012891753061,0.058784103538704245,0.011172094954491889,0.05519077517972678,0.06899381598492642,0.11814347133628637,0.02072707208323978,0.0465766218701197,0.009345714802869184
52,0.05080252772803509,0.04521168634794781,0.07075332284093092,0.03233390748113861,0.02815454434614553,0.0899001231103909,0.039115203309790875,0.035465403919640745,0.025388258433204098,0.18220947392444328,0.04795338592397446,0.026616203956005058,0.0329683661012581,0.03869786704649958,0.059518837178643036,0.029896095793877003,0.01969007389503241,0.061531247403905774,0.032186768964206615,0.023479907243864603,0.028126795051065513
53,0.04011570125219563,0.050082797876061784,0.026286833434104186,0.023452161913971925,0.1455825609418707,0.02793353143131368,0.042889259253559166,0.054161663021179376,0.04320376965816928,0.029687607747888364,0.0426197288460381,0.025469054989370212,0.021888228798029017,0.027876127164057466,0.06442644396055883,0.07126454788677375,0.05742722186738458,0.07843088227229826,0.059680311849361144,0.06019163718596349,0.007329928649851058
54,0.04073483467735591,0.21585154307491503,0.03393660152401169,0.09326372195122146,0.025593704544181948,0.02559174176441732,0.07707576362786185,0.02646613328696916,0.06302543921453808,0.032948716231763174,0.04104672831400457,0.021699058375428768,0.03411662869986859,0.02410508748098317,0.028188889274992978,0.05107926359818421,0.015411700620400036,0.013151563520083003,0.05598831786211608,0.033986365364011235,0.04673819699269177
55,0.1179667885089611,0.0480174470177302,0.04399937331084498,0.04685963178297244,0.023549350175293454,0.09790781298443832,0.07544119809420413,0.019288944431707138,0.025675242375876046,0.014834138484893176,0.12275733925204957,0.024208735136861732,0.016402793650842278,0.06563138403214157,0.03054466039232948,0.052527873249556434,0.0568342401536754,0.032376392112683484,0.050149262219363784,0.02167535317609002,0.013352039457485308
56,0.06078367939708482,0.04834649932151325,0.04238673442566754,0.03662781106112552,0.017620323879919318,0.03433867422776183,0.09560436657644503,0.031056146490409584,0.03375481659750153,0.022341174851012977,0.01875430811500738,0.036107410562099714,0.02011534365817586,0.040266612853544874,0.05340220663149717,0.06469359321057738,0.052581245386589634,0.12298690231516475,0.022315732998461506,0.09022169131287885,0.05569472612756151
57,0.06453602271003862,0.046008419860160486,0.045851073701371925,0.05119769368927259,0.045608339577297104,0.045490781394186774,0.04346418544087668,0.04814955967644823,0.045405540779006694,0.05294350075946072,0.05335144708569766,0.03741012999349975,0.05371152090421059,0.04749517841144649,0.04149237216975371,0.03966304537883601,0.04238167919081332,0.04733184973859924,0.051764828347141016,0.04705540331741149,0.04968742787447092
58,0.03546982350157625,0.04818142899352357,0.03799164321082158,0.04192527833751013,0.05426474997647095,0.059173958823345245,0.05197544492216795,0.04396181489154404,0.0461792192372278,0.055367631589705535,0.048714180148884484,0.05069417432730615,0.046681143846651535,0.05293413871146489,0.052499184508271096,0.050470519673719835,0.04125273550374608,0.04167249304927577,0.05113266586601925,0.04895239472860337,0.04050537615216449
59,0.04177910005103066,0.05499594748341874,0.057397049638445594,0.04448872722897736,0.04277283789336466,0.048440911998154056,0.05360243285225678,0.04900197686044885,0.05955493800204789,0.01670392615944877,0.043173014835375695,0.04634889572345817,0.047369187981063036,0.052698274438060105,0.031142768838565173,0.0476143652090444,0.0471803356319442,0.05613868431746239,0.04710024182248083,0.04972460836810104,0.06277177466685159
60,0.03291483761186615,0.04899899888029032,0.04962443023496757,0.04748976450263183,0.0616481590723022,0.01552487272880869,0.07555977679416173,0.04551257660507488,0.08563218050961675,0.07030893529477396,0.04710181402637981,0.055351570449004045,0.030595105978596906,0.05209303111527541,0.02918841443475191,0.03149993850973754,0.025657949609356932,0.0295282098049806,0.06249000931920866,0.04328863831250287,0.05999078620571123
61,0.022659055525162012,0.03210479866252258,0.0502503935823184,0.06948957423478715,0.021553061630911613,0.053631356967364846,0.11434482537458461,0.05948702918732937,0.05732331008753217,0.07353714460728056,0.04002533983879974,0.04435895855820926,0.03944644214331998,0.05267918996152823,0.04567411593596588,0.014489661183834556,0.05928234365788901,0.040982739548421285,0.046486747125518736,0.04319943056505743,0.018994481621662593
62,0.06119452188125044,0.05195960707570831,0.049688099813232314,0.046242376668490306,0.029603194636553542,0.07867996460885995,0.05045996954756514,0.036968083481605844,0.10652250919388344,0.042361109545856306,0.009036652970184961,0.045224428993303194,0.11463000955700582,0.034761813818566585,0.02425422590345329,0.030449527765237225,0.020544480493793555,0.05558920798165385,0.07868989135972371,0.02115864611873141,0.011981678585340785
63,0.04910465796386026,0.037401057497130775,0.02742498664785905,0.05061344492877719,0.06344374665069333,0.0158327455232287,0.04420812950594329,0.05808453865559007,0.07604114578965221,0.021452076530814056,0.05230390000433067,0.06744630701336896,0.09221939566131719,0.036703236126770254,0.07380722530867695,0.03358148239993394,0.050350871928722264,0.053129304983461245,0.05769162063663482,0.02755116494062062,0.011608961302614091
64,0.07401045717157048,0.047370222818693034,0.049373338575893516,0.028385247208922937,0.05207523673546487,0.035478176313972314,0.061469552353667196,0.007884829630656754,0.04591968978307548,0.04098165804686522,0.043181317730910385,0.03348174134234392,0.03768368529725689,0.04626374210913705,0.05690484503912519,0.05732751108837829,0.10929563622396472,0.060472122055465115,0.034542184447964225,0.07362451669899824,0.004274289327674214
65,0.05560373237915162,0.06140544956576177,0.030244581086200508,0.031328666630931985,0.03654927842430803,0.02923920333124163,0.035047446038410326,0.02963636983948671,0.09972746752517665,0.009124359685186866,0.04973799376339389,0.07288981322527484,0.03769375028930301,0.08984798322124182,0.060343880947712945,0.05015614839753626,0.06613224766965584,0.03928881712215058,0.02153067595469297,0.0624793811606723,0.03199275374250943
66,0.08289613060936056,0.042874603017848345,0.05249125393596771,0.040317205949365435,0.05817478706345261,0.08219260277752177,0.02760078487504314,0.016615016277378512,0.050170565848221785,0.04066784645856431,0.05135392022984395,0.052602895043120546,0.02998250889726881,0.09890106885935816,0.025715992679078994,0.04961815101587083,0.06375844436124689,0.019347455442422654,0.03276046887145581,0.03977041453534342,0.042187883252265766
67,0.021180264018700937,0.08631164974784677,0.06847886236171283,0.044361706102446115,0.015626765624188074,0.014047691773134008,0.03339761660922625,0.017398827851755772,0.016129042963551134,0.01811385312111896,0.037933859397266505,0.10600409357091503,0.10241747057881757,0.09372636344069762,0.043306550750493375,0.060388316888629424,0.05757749587208065,0.04488515140125262,0.04983186342444324,0.051225134684732644,0.017657419816990472
68,0.0374775105803998,0.02807745702008491,0.027221894177793894,0.043403001183412934,0.052885840873587324,0.10306989319806989,0.04037947510850047,0.16014117460933247,0.02810791035856538,0.018677729176557006,0.12710430819174534,0.047065636286237354,0.025058262161846222,0.019721467922338518,0.02919771588958119,0.028552530508548973,0.020724778322567975,0.027852458054424222,0.06914028019409917,0.02749548821997482,0.03864518796233208
69,0.029611071150757146,0.06585430871274468,0.01703693056150273,0.011772155556614816,0.08914957348828212,0.019232277479919263,0.055023228296332785,0.04976810903225726,0.03875348857039402,0.13762467738093445,0.02649935108831246,0.07059746990320569,0.01809745797816104,0.021155826257299854,0.016761271467828423,0.006563608185853174,0.0275426638526423,0.035655987801140425,0.09834266009803105,0.12143608173956574,0.043521801398220566
70,0.040382026447640926,0.039933868073465176,0.045375713165152515,0.040670202769301646,0.0789812395725802,0.06700194564973913,0.07273593732250852,0.04686880819408334,0.057968675126079804,0.014294465026315416,0.03780203540000365,0.08500872164470447,0.006972490082449474,0.10480391858529417,0.03217076782594188,0.06946995949844749,0.03999777565810224,0.04132012641106169,0.048183227892094616,0.020146932468720475,0.009911163186313167
71,0.04842395643330085,0.04698107638805624,0.023376843436253392,0.04338336261416696,0.0365888151377163,0.10001076610771856,0.029216581795368565,0.0427817342572274,0.04284214294995369,0.017905043844153035,0.03366796738401364,0.07175691025355857,0.057151930537315,0.03410478449775102,0.04180089536908874,0.10151058390573393,0.09611163742120622,0.050505608507659824,0.04667221250727379,0.013729739478320357,0.021477407174163892
72,0.03509177639395881,0.06445996792650707,0.055204942062213776,0.07976384834858706,0.03864097877428405,0.035809642738178,0.11780981190481357,0.03801826785587855,0.01953783366315881,0.06351356139832116,0.048191160973384696,0.022646292988995304,0.08458315455372113,0.04728178482421162,0.014534981925116415,0.062127937375710644,0.04845164901767652,0.027530502021089455,0.03870091975345714,0.027023645211671766,0.031077340289064462
73,0.051307505030592594,0.015539696184067595,0.045696855244048214,0.011244254686502055,0.04640749343683061,0.07969047526212268,0.026315842892412348,0.07316131738294493,0.042656206186936683,0.10477638590693304,0.09814000214654138,0.045318191655345355,0.022716283497654047,0.13022793757104392,0.007931502079966323,0.04413065392846036,0.05740223437066028,0.03924416734770083,0.023208586537099774,0.014324574651036431,0.020559834001100535
74,0.041466812148800006,0.17661967394974912,0.02436291267445157,0.12392365983174976,0.012787731821302583,0.027640171365293793,0.0376247397763769,0.01911160549295271,0.04648627095016995,0.04132731807723179,0.04477216823200215,0.06633281490885377,0.03298575739376864,0.013118252675101269,0.03509876753045526,0.06349074068898813,0.01576539743869559,0.05425087677549934,0.06505879276548078,0.04362903899484629,0.014146496508230593
75,0.05548385200278096,0.08861771926263015,0.021215243831905522,0.029768355225773313,0.056429187948398615,0.0195299896704611,0.015455702558924667,0.0429684883074257,0.02165375766931963,0.08313755369707734,0.04059876076358208,0.0228688246274945,0.0705530172909364,0.0734843885358309,0.01657670826667976,0.05378932477253918,0.09425398058397053,0.11320195616247761,0.02121958264564839,0.027805573820074453,0.03138803235606918
76,0.15266587695054942,0.02368683034863177,0.0387431748141906,0.028799390810517213,0.04010782367358262,0.07174131974276715,0.06780681795939517,0.03193429371579271,0.02341135663792717,0.03465235805945174,0.059450415066599545,0.03457730320784711,0.11322959906469492,0.020906421345446666,0.019119724874809556,0.06175908600094605,0.03236898990456021,0.027631305442696926,0.029542323558038618,0.07558642718686083,0.012279161634694048
77,0.04599564721200868,0.06609472728190026,0.022404035689646443,0.02456423627123131,0.04442968012790983,0.06391902729251353,0.08467205963467846,0.0895146042856726,0.05619284610736502,0.08697795545928122,0.04674047594305809,0.03424128763760181,0.00853993623351028,0.07055697400799295,0.015125870324705203,0.0335148669900979,0.047508662297356986,0.06012944310722833,0.02133429727547812,0.070877233011551,0.006666133809211998
78,0.03550641317827326,0.10956793164043278,0.0603577114037677,0.06144622248195596,0.01988561561809784,0.03286497563896659,0.022050017006921514,0.09015352192258912,0.027603770282270547,0.10560262404582882,0.03468946904743908,0.05360482451517104,0.051334239357644,0.02392462970671634,0.055115758138412414,0.024754402282704906,0.025791241269691033,0.04795598104836995,0.03483866384716588,0.05201349514996544,0.030938492417615805
79,0.07782296639489304,0.016872040119865827,0.056312859443921046,0.043083848963013385,0.07863041398176687,0.027833016256711238,0.04349694141786369,0.051274509791788214,0.02601769378241052,0.044090734017427656,0.047640614533263,0.0484759349532783,0.04163494240630184,0.05120658768370829,0.023088165808155717,0.03945775108983078,0.06945505259756313,0.06731459903091559,0.07479745994165041,0.04592713778129358,0.02556673000437786
80,0.0364523442189247,0.026887100858606277,0.05125255938327601,0.10687850926087317,0.10086629688900457,0.0186408516537452,0.07151967689657898,0.020515580963134224,0.023611924247746486,0.07370622344721096,0.07194113991827948,0.061315093837141274,0.004050577940300377,0.07580278018575398,0.06208245997360732,0.056683721114281715,0.017649166226608115,0.025231648414870345,0.035092355953512434,0.05464819103750781,0.005171797579036527
81,0.04533972113503804,0.007553387924351662,0.04382077697383643,0.055526968896168545,0.055976257688392365,0.033709018165054054,0.014884671175297131,0.049723367700041064,0.05119407919731349,0.08345464697918928,0.020535942016325987,0.02262188141236285,0.04005320768163402,0.09201966732232675,0.03832699330774369,0.07270137464727638,0.05092568972484652,0.11619445546530546,0.0519849352204415,0.04545723907820063,0.007995718288854177
82,0.03725425422526131,0.04099883896414559,0.0809686010098995,0.03048203177082103,0.07825366999769515,0.0360619527038928,0.04748423766290267,0.07807305422903929,0.011004375742395139,0.055067896450791055,0.07381873100137995,0.07040436987150502,0.030416616302639688,0.050107024180423815,0.043089411082847806,0.03596952884980809,0.02698325027148688,0.03420702588854891,0.05916971377228815,0.05942428523124943,0.02076113079097869
83,0.08594081523505968,0.033355722694710065,0.055683767544924594,0.2205343985608767,0.045604655196292594,0.023921729682465486,0.01680468311373541,0.018310593650229863,0.035738006188618325,0.04658264450428012,0.020170847950462742,0.023892533472531775,0.04165383323051532,0.06517152375291176,0.022342657919905425,0.047518160309705064,0.030799627500280233,0.06958152680672872,0.034324960018601254,0.031748915133306466,0.030318397533858347
84,0.048191239740630644,0.031530202031193263,0.05649652419842356,0.042470042141080286,0.024064622221430756,0.04510237121114694,0.09566996767316266,0.07045435451074755,0.028938970148423754,0.05046621726647864,0.06555349255593315,0.008618231795672981,0.028835308352799318,0.03634706258297778,0.049595835977259466,0.0805606616826769,0.07048095870915823,0.06883908309547754,0.03360069945744441,0.054132971924477934,0.010051182723404235
85,0.0686717606791302,0.1037290512945727,0.01925498524664981,0.04282515610899099,0.03727392683722667,0.024519846820667147,0.1064750030728957,0.08533969191467049,0.024065991024846158,0.027889179328053383,0.045435988266318776,0.04879606002275584,0.03477881216044934,0.016781494314690264,0.07404030824133509,0.05104827677021336,0.009987079891739825,0.06418373659342141,0.038987220092804656,0.06226374916885286,0.013652682149715316
86,0.016818453541804224,0.12589532539020779,0.02905429630711473,0.028322301499544112,0.034587241457214514,0.013075301958753099,0.027708702749284487,0.0945289813487009,0.05103425942867668,0.0999593740332024,0.13794414434951485,0.030610964357269916,0.022744931830310764,0.03562969574550759,0.015658396174588002,0.023729825356955784,0.015308438876684736,0.0978593877079415,0.05518517638780016,0.033809033409051045,0.010535768089872707
87,0.0738364698580833,0.06105153393854014,0.0141446194280649,0.06498464373006174,0.03596980037163575,0.03873035198564235,0.06461198648388941,0.032731485952332995,0.0492741581704585,0.10093091837571114,0.055981284308988404,0.018897351474387692,0.017859536550731418,0.03821888591717705,0.052485300419240107,0.06811526316129982,0.04132954715989874,0.0652505689617273,0.009291099735157387,0.04927240432230638,0.04703278969466556
88,0.04699074553777122,0.07429211793432722,0.04679373934702663,0.03853948021762114,0.04190753705722874,0.12057258992612413,0.05071250648635516,0.048032471213773006,0.06576065608293295,0.032298218968334166,0.04839615153805982,0.0789088473435477,0.015006880949388207,0.024194113377279662,0.07693399948381775,0.0363528961673302,0.03315404430137311,0.014879156763748324,0.039277393218325664,0.04829063718801257,0.018705816897622678
89,0.02112395266835984,0.028680445103342254,0.06151266302730955,0.026354575036910275,0.03460014107771306,0.023508876622064488,0.1159859606858457,0.045233246915496815,0.025637884406766773,0.05053257725079555,0.05860461753826577,0.016198222438506597,0.015520999304876727,0.03972122700734012,0.05869811881946547,0.03275057418979394,0.06792200842570643,0.1771876599406573,0.048327721182316596,0.02903641304215363,0.02286211531631311
90,0.0952082915854509,0.026513660082721997,0.017040305578496028,0.058891255940352064,0.04545812891870001,0.05191021483869215,0.042394852634169214,0.041932879699493004,0.06717125001602954,0.03755049398968614,0.029935585947176945,0.029651772762789654,0.020045977186508402,0.09953575193225939,0.05002445617704845,0.0630831263743858,0.0762618105200447,0.06024583015627925,0.06024726633744642,0.015073867053913278,0.011823222268356724
91,0.03182791908001385,0.04173680851876923,0.03128634767598067,0.07810946841059732,0.05380543438066454,0.016183790366158406,0.023988682718194997,0.030474766393532617,0.02543797361407561,0.02446773782817702,0.03836809080252289,0.019034983145953022,0.009159479426066585,0.09407902515786346,0.017657359948732524,0.11589554432968055,0.08128626600587834,0.06631074299692476,0.061954435484429825,0.11776786088208122,0.021167282833702564
92,0.033527177252525464,0.02273532157918572,0.054661099072746085,0.06346410503921696,0.03871872838191584,0.024829487476503986,0.07627684356065234,0.04194273048562095,0.0462499278931511,0.03607312167869014,0.09035593393424872,0.031333617615888536,0.07652892764761521,0.0524805851389927,0.05402593618803161,0.034255609388497234,0.07260886431402024,0.022477192528629994,0.056668651617560684,0.055370412253137,0.015415726953169518
93,0.019669921932200882,0.04285951717514742,0.07285326740051902,0.03287336340925222,0.1631776214050264,0.04723532478371015,0.017737172328961687,0.05163154487138197,0.03266628240278794,0.04125414176399768,0.0845985140120258,0.052863856338032304,0.03259090792490447,0.05009641509861697,0.021336527296658542,0.04714909788586867,0.019138132526106213,0.024529323034754993,0.03968857762922223,0.04971163551395287,0.056338855266871636
94,0.051692296330964095,0.04671651113519734,0.052995900344258245,0.06356820371243051,0.043364391656541976,0.1069058744207995,0.04594134918407738,0.040674172697340215,0.05123670896685083,0.056158509634895326,0.05637903531623697,0.06332795442265146,0.016429461594565584,0.019662924362677404,0.0744802277618302,0.0542079081568603,0.08446593469225268,0.015449595206112767,0.011790674964539082,0.033314645236346245,0.011237720202571874
95,0.07164591067833301,0.1205963476673807,0.009559573748943992,0.07265032720719553,0.07656865927275894,0.05052230842058677,0.0677834953309262,0.04955415257810603,0.04247423338826068,0.030791073008694287,0.06647754519939812,0.003912686223119105,0.047854037188095444,0.009370349378111965,0.013216781000500638,0.06262508141323525,0.08825849398163972,0.06951517572857104,0.014827729518885814,0.026164760230636377,0.005631278836620379
96,0.03381618616920371,0.011462423111781053,0.029076644158676175,0.06582510404834513,0.11761688037193044,0.030631477390486578,0.09322222383884796,0.0259721831924902,0.0321853857715688,0.05983792673664908,0.05227990283659649,0.02524223382703662,0.019710957345261272,0.02689589774452675,0.04814514518263878,0.01151380226760698,0.03116965286483851,0.012883314100991156,0.1685019385917969,0.07493811323869126,0.029072607210036166
97,0.1064820474475077,0.049340667547071136,0.022735768352737842,0.052357132936941345,0.013937206655032128,0.045541959003855104,0.08460706515599448,0.04765606613608042,0.05765668837387348,0.08061932091113115,0.05938323993344328,0.0116156929214829,0.009226030215785743,0.05379747827533637,0.05516145379410659,0.07684209123396044,0.019382919743265642,0.04679205857461272,0.023777141896471083,0.06889967138915579,0.014188299502154668
98,0.04110706139356902,0.06143800631486586,0.05392560147937286,0.04433191080517788,0.013011594987154495,0.044568579829934646,0.031022909572528824,0.04329649534829554,0.02520492063131978,0.11614950083153171,0.032484161592710066,0.14982087709021688,0.047743498243178036,0.03229625577068249,0.01993892578691636,0.07389102471421718,0.04631667505178324,0.014452863651223424,0.026544384380170278,0.032791623144209234,0.04966312938094219
99,0.00807906690064558,0.02835546486719154,0.022967131969744994,0.05130193815023103,0.05452629687258657,0.0911424843844961,0.1271908786970467,0.053937581960572197,0.04838383193210504,0.040331165708213254,0.022709492667775267,0.04002536819574399,0.05597644119212283,0.11035450618330167,0.103953640914085,0.016832107701297994,0.028219570889720744,0.02239331136950089,0.041464391720959094,0.027263007190660646,0.004592320531998862
100,0.05681223016791793,0.034735779787174854,0.041475228257906546,0.03942317740452439,0.06692409947825956,0.06553208606389663,0.03656546326610345,0.020627630937028036,0.03452169014276651,0.12910146735584935,0.1493704796078085,0.029061767772892353,0.055701062360590824,0.011796751911927224,0.03198377322197933,0.033442858097096934,0.01473036888419299,0.04963178973570486,0.033152919755839345,0.04584477516748896,0.019564600623051473
101,0.07765716238438611,0.055627511855719146,0.052454035577509966,0.04940272151798406,0.041422106126112024,0.03063034494769614,0.01782614279027557,0.0512134703964211,0.019686591791020478,0.04385969036961073,0.04667391557892633,0.01320148058536432,0.039955566885825654,0.03411913074889202,0.023590313811170514,0.10111372376112443,0.0579199842253731,0.1157547227066887,0.03467585675377984,0.0431879988199431,0.05002752836617664
102,0.009559199725847463,0.012939224638176742,0.04707328987320127,0.09184150012531696,0.022994365561818025,0.0318601066095089,0.04178602294655067,0.034220995283683574,0.0521101633568127,0.10442400097440384,0.038191477117064845,0.03288707264027949,0.08066498974093247,0.08539357696819334,0.06877388109819145,0.044422378489954124,0.06115380292723107,0.01829768548578672,0.04911247341808636,0.029063041453832174,0.04323075156512781
103,0.06885832975778115,0.025175639256794117,0.02905646666941588,0.06359787090786322,0.04521783872739464,0.03544709934999752,0.03395123225640209,0.05141723758043764,0.027052759718075445,0.04838548494977059,0.070868066863932,0.0476920686995209,0.01905204981057136,0.14987527204251933,0.052754235688892814,0.02957763906606248,0.049500187258844065,0.03108772654177959,0.0505022734894335,0.054080652333394895,0.01684986903111676
104,0.045460642631339886,0.03418806979675377,0.027999628902932033,0.02224567482766882,0.18428311522587695,0.03442296327149786,0.019064503357651287,0.02189492966538641,0.09702682430312881,0.10611268937653358,0.11463929920305348,0.03826978199351339,0.019677287524967405,0.022125229989190535,0.01209441975727818,0.014324340753276437,0.022181035857163505,0.018876499448569253,0.016808032570875757,0.11007807935514215,0.018226952188200495
105,0.03684118728241462,0.041185228850933744,0.06471267306589033,0.03814203135351908,0.016019500916503785,0.036656181847163634,0.051732740674976845,0.03770535919188551,0.06795438313021246,0.031115096684411186,0.09561342109020962,0.03944954820536593,0.003431070519530867,0.02544876654971194,0.04633087193556503,0.051684307733703756,0.025865543459453154,0.09751564149074479,0.10439908695274314,0.07358412791585763,0.014613231149202934
106,0.06080739100373405,0.027400340144935045,0.053241503257761336,0.044746963790740835,0.07075271121842529,0.038969287817686805,0.0342361475170913,0.05059223786675305,0.059461335612788754,0.05278900655102296,0.09169771771796519,0.03652804033212579,0.00894127144250229,0.023033902159815232,0.024647545141408832,0.05573765311541614,0.05028681024182391,0.07424643685087413,0.04083317447850379,0.09492776575348398,0.006122757985141288
107,0.011509618110384395,0.025521018210529545,0.18975444538241903,0.07311977760872251,0.02529339181402044,0.07373389898574223,0.044548451096936836,0.032072064914255474,0.01234894423354666,0.018322091010584435,0.07945378241679228,0.08652496103966575,0.01928653787507178,0.033488504177357374,0.041698403090334006,0.02527514580346831,0.060195709242614304,0.04772532503944514,0.04316820059643791,0.03240226388276618,0.024557465468905405
108,0.06497374442925184,0.04161356356813018,0.030155555372511175,0.019387271383048462,0.08313450638861915,0.012035200340772902,0.025931766348025995,0.09446603849602866,0.04280409181474276,0.12439720514705846,0.0387049920813896,0.015338243355762324,0.007375101216023167,0.07450121818945468,0.043470595708590624,0.03259432483252704,0.08770644507848933,0.08964633502203191,0.029627115050495995,0.02716715173557597,0.014969534441469713
109,0.008190278968793473,0.06684480852161719,0.030935297469911353,0.12117148437565643,0.033442398996863326,0.029827045426363448,0.01608588259686423,0.1127087587882075,0.01840007215780424,0.1524080908165092,0.08713543935843603,0.08745867619259005,0.019373729985493242,0.016740175036491535,0.038830353274259446,0.024804912118529945,0.021056359745487693,0.03193148051744211,0.03493078040542627,0.024625999729958055,0.023097975517295297
110,0.0856498657432746,0.05503548021195875,0.08147244557581536,0.05692414525934812,0.02320119585614322,0.0579340390251662,0.03676872599408768,0.03624709927447519,0.0497623121943715,0.0434273963357246,0.048946675789152565,0.10528612012232545,0.01370803095096756,0.024546960319840674,0.021782972656708848,0.06559338606930987,0.05297343850067635,0.019744178794410344,0.026442826610621046,0.07521518626931797,0.019337518446304037
111,0.10619424549162734,0.09641002523512175,0.02543644546747705,0.01192539089052884,0.04321808754006227,0.03901375136249065,0.07629989604579923,0.03077844695495504,0.10927412928980983,0.09742159172307521,0.015365987660366995,0.029441876565243223,0.03950662446334324,0.029425787389421657,0.0190766790502267,0.053057529288558086,0.05027414692775351,0.06303916277475521,0.027809393443825565,0.014475012209116716,0.022555790226441885
112,0.06200952719057608,0.041624542026626216,0.012192181502978168,0.022837456560647035,0.1988561104181318,0.01720028827544038,0.020515713985598746,0.058465538403847085,0.060974952212476306,0.018462692209077914,0.01603709519629157,0.04434604344348802,0.015055392250272394,0.04054011205710768,0.03331496307580048,0.02847397807087865,0.037358332192067197,0.012549549890296417,0.17632169817356147,0.047050681760433824,0.03581315110440254
113,0.029712155311867803,0.024733994526161495,0.12732628814889682,0.06874806934336056,0.056753579077654354,0.014623742506326804,0.013593581032399632,0.03817523993418211,0.027442017896512134,0.015701090314282438,0.04142925099964108,0.04826049630241125,0.05430927479138834,0.10949955203096383,0.014079372457326161,0.05027288212115133,0.03964767497907169,0.05573480504861466,0.038362221501814585,0.10997250820612528,0.021622203469847688
114,0.059087053373981485,0.024743836069597295,0.07848055040038406,0.1289590144001657,0.07548368150082778,0.015174937658638856,0.014290077191266766,0.06093595294364901,0.042186769897298845,0.02848405609543804,0.03778502042508009,0.08894982887572563,0.0059625242828614,0.07756656992091752,0.01358018634363533,0.01584245695166857,0.04802595760169148,0.021673451212681397,0.02947861855317886,0.08278109311212513,0.05052836318918678
115,0.18346004914240885,0.023288522537717522,0.018446363409704614,0.04952328593403608,0.06487967355403403,0.09064520813195029,0.030533462136800568,0.0634791326920781,0.023326011570042573,0.008049877696810587,0.04589961619365996,0.011792357627760274,0.028001872103397697,0.027711457169181317,0.023204385512617262,0.03385262784554635,0.14309371630580464,0.054278800137523044,0.03546386346708216,0.017247750233998434,0.02382196659784567
116,0.02364317942522659,0.050450158954575205,0.04015976812568407,0.02823010573829589,0.046892414217893835,0.01927037039835111,0.06407438345768617,0.0999040142505744,0.02969681158504232,0.1682470905542349,0.052749783210230404,0.012212453019304062,0.02057556092001531,0.02715097694950688,0.03593888184325882,0.04457324275433037,0.10951219320283097,0.0290506690006474,0.04143123084288768,0.028250981101621078,0.027985730447802542
117,0.08080021098774459,0.04189556337035575,0.05900158097844293,0.048738216939246966,0.04381304700444144,0.07920416998938576,0.04530748151418994,0.017634031622784523,0.041919558240694835,0.051474564023863786,0.0623218614181732,0.09526465477870144,0.010958595381061642,0.04328638254657115,0.03298880693129098,0.08201955508795745,0.04522321605210602,0.02937828647911776,0.03806252605664999,0.03519626650795748,0.015511424089262359
118,0.03726652639002687,0.05404172018054033,0.023454266938519378,0.06398012345756758,0.037447840369926835,0.10544775843630068,0.11471656657810722,0.01151110506494904,0.010658002054800036,0.016536055677813046,0.03477436721211853,0.04677596184407513,0.11413333671821053,0.028979861515620996,0.02278497111686884,0.09458385636346352,0.07685803595182697,0.038995665582365474,0.014203045900398822,0.043418022150941454,0.009432910495558671
119,0.07430211700548071,0.17683162506618055,0.06793690588773521,0.03839781174057778,0.034244497984058334,0.07138626333927044,0.027425116401034882,0.019834646930925515,0.036948669199509836,0.018920282094376763,0.015177564160573502,0.05765711988081061,0.009438810003241108,0.04925901140278474,0.04254295592810644,0.043385728256193086,0.029498605762320846,0.04922250902267085,0.0703904088148257,0.04180092775729102,0.025398423362032057
120,0.03539172607735964,0.02597275652439793,0.05275385487291843,0.0196681172007638,0.09658742107759984,0.03810050992733865,0.04193777585380261,0.02119195705648642,0.07973618878539453,0.10580075333317222,0.06180322935013543,0.0160807334905249,0.019414557088809,0.04700424927772671,0.014809351974477988,0.016049082207386076,0.09475249088843828,0.10474139927941574,0.03571696370573184,0.05526810443712383,0.017218777590996198
121,0.06851405828391186,0.03999491599847736,0.0673720700193046,0.08019869877648536,0.028486423298944612,0.008132382516688906,0.017634342626673516,0.018992495441509823,0.11369988842206703,0.04330999264770971,0.027783213472145917,0.05385422585002665,0.006641962508642215,0.12493028754899488,0.05107982469953299,0.09412810248385654,0.028604311200252402,0.031206065455665843,0.05077121514153613,0.033380063463802845,0.011285460143770768
122,0.02202998692230517,0.06351895331802823,0.017693590853488542,0.0608542442969172,0.051721821652785924,0.013494172034476335,0.11127233312963712,0.02544713512686593,0.11660396756945245,0.18953794432298446,0.038594329503982554,0.03927266497849764,0.016675371235028998,0.01808086665807371,0.026646619008230277,0.03252962704621784,0.020993178732894822,0.040753503675999,0.03844226714398007,0.014865419401011803,0.04097200338914193
