site,A,C,D,E,F,G,H,I,K,L,M,N,P,Q,R,S,T,V,W,Y,*
31,0.06635398047492805,0.05031917416754157,0.045312243986308315,0.0426379745883529,0.04689105472412447,0.04703285646136387,0.04893797076268072,0.04515046535910238,0.05243537014189605,0.045311744447951614,0.043664196504967535,0.04570775945346321,0.047222203027697356,0.05409225233220732,0.04521783678253947,0.04910419592857131,0.032147030098479294,0.0413061265651627,0.050911633384982426,0.04929283217489872,0.0509510986327807
32,0.05089711134627469,0.06925245954723022,0.10653479513804644,0.09168161290112262,0.01049925359896543,0.10892972694439408,0.04631394607435349,0.04279591365643023,0.05974132897807606,0.010507587849875813,0.02227035181173573,0.03451084220611084,0.047018330150132695,0.10477924483560078,0.043547268828141965,0.03942274022391615,0.033087368913979336,0.027867117595146585,0.019411226000824164,0.025615410782388038,0.005316362617254625
33,0.03634359295293446,0.04965258290490391,0.133370848288419,0.07050408148351317,0.023120411722868134,0.08663937881682167,0.028733096591288733,0.023548406365332734,0.055000489649791734,0.023191670088116376,0.07711454946974103,0.07486274711876736,0.02733551122844533,0.019203280502433192,0.02752211955326473,0.10107805680116641,0.06611763705099673,0.017933817401428895,0.03379982876526619,0.011736961940028502,0.013190931304471732
34,0.028274589350757787,0.013980172205517775,0.06749398925787617,0.05049613042252913,0.0742911613273728,0.06416023404106545,0.03017103624274664,0.03070491632088687,0.02055065558207006,0.08361911457596453,0.017438249844088767,0.06154480405547275,0.035886359463803134,0.06027980865762166,0.07989576814647052,0.03722778623832117,0.08913083239049321,0.03987693255726138,0.0679123594260871,0.036906874558879164,0.010158225334713918
35,0.013706326811415474,0.04322818680914645,0.050433953657897476,0.036085264797132414,0.08216349307838434,0.02757735912899585,0.03152771247530119,0.031058552734880535,0.040263695454414855,0.030502960156049624,0.05218668997985544,0.014119915428237914,0.04355957779373299,0.03486592445931302,0.06745920425944656,0.03064696482495669,0.03873048177896676,0.038794517817706785,0.17586371275205712,0.08381157310553285,0.033413932696575686
36,0.03379795927927688,0.051132845180983426,0.033311370989774255,0.033441537509588705,0.034359562413177225,0.04618270908133146,0.06237179199286022,0.030363480128175274,0.03052291425459875,0.028660995256645384,0.026759326887222806,0.08317261573550888,0.05630133693745447,0.04091463110869739,0.036729612251419325,0.02620289213413283,0.05245161683095114,0.20071222666831673,0.030319423743556062,0.02790853553915117,0.03438261607717762
37,0.04093341187049849,0.01639668101725097,0.00961313103743916,0.013778325481335259,0.027257918418507443,0.10844605890788976,0.04742660108855538,0.035752546426709934,0.0730057161014174,0.03221734167010048,0.021440263031960748,0.044541150944076194,0.04574350466923896,0.04696595183092887,0.033273701113328426,0.05145296812782203,0.17859802641759606,0.03713329985109961,0.07521607522943659,0.037720371854679455,0.023086954910128816
38,0.05202550071492166,0.0578605406211616,0.041466968981394195,0.03260875323531563,0.04517345927058004,0.02231273644328073,0.06734243054945227,0.06702669532881966,0.03529577076019367,0.0483881337694929,0.024241678882846358,0.022756320023392528,0.07307287434782016,0.06901462941976964,0.03455928659487189,0.016460293873593018,0.05209724116839877,0.1496251838015602,0.04272787781699091,0.02698179884326629,0.018961825552877887
39,0.02829664829608414,0.02352054030159884,0.03540047604231637,0.05272909347456332,0.10414382144289364,0.0346494017347508,0.03666906348031026,0.029956877944210532,0.023333090401604955,0.024600660359285997,0.040014326083532,0.0344162410818611,0.06897843215908678,0.053987148528895385,0.0309108136277602,0.03551578184193125,0.04824573351588935,0.032590111841590316,0.07278007016387747,0.17001916126587002,0.01924250641208729
40,0.040874973943648835,0.04276713968809718,0.05799254622668957,0.023723983310691355,0.11583815261362154,0.03751590141263746,0.023797814663039398,0.01407889692663214,0.027027852442745148,0.017060996923711255,0.05492653975216031,0.030399671173845816,0.04336232483510774,0.03990778621668924,0.03538774096986017,0.047534137407797494,0.045332183045143824,0.024314232224870953,0.06820822803303002,0.1748874541081319,0.03506144408184865
41,0.029357829667085115,0.02374529142491058,0.027117772878437602,0.02780508950915404,0.05118567536320279,0.16934279486716527,0.07968306250687954,0.01869121141047119,0.044003979146703065,0.04529449673178963,0.08051903024832005,0.03270375120440802,0.041051112727889826,0.016875439807972133,0.028930838576742668,0.057837542845875,0.029349116092271657,0.020390203823785216,0.10525483505733957,0.029815325716385694,0.041045600393211326
42,0.0876789885354134,0.06373604102605725,0.02120146232827254,0.034863102258733715,0.07112439430971153,0.006139496133363033,0.03927435836848893,0.11913238674394595,0.023922389490296313,0.04324732157903708,0.05641542638094737,0.03644203339673187,0.02693108914870544,0.02759672170554909,0.019659678658192552,0.021369629742712705,0.049246888282782154,0.15001400742735907,0.05630304643876517,0.016649026607427966,0.02905251143750688
43,0.019627244917673523,0.022062987730722246,0.07547507810119669,0.03314175505579384,0.03900348467607355,0.08348041011573883,0.037229955438596085,0.07909790109081792,0.012292562302403274,0.014270921266245143,0.051713647445522454,0.01246447026977901,0.19203513424692897,0.09553471819554658,0.010013089124476628,0.05195337903878562,0.05827869991900976,0.022073016791364416,0.03887473538753451,0.025725306841824766,0.025651502043966202
44,0.06275819111531519,0.04071085219358529,0.014447209455935021,0.03153422564966098,0.03375789705182594,0.01711801872170997,0.021283793276302105,0.1108408365474666,0.10100811755432203,0.032541443192780045,0.03702804122306673,0.05951558125202099,0.036283878943624,0.03653763659120854,0.04489876206082084,0.06823324452064254,0.010139805534029602,0.14639985344096287,0.02472785268833015,0.02283835901227398,0.04739639997411657
45,0.04617368274253839,0.020344741141790215,0.039235441820474524,0.02636778849629384,0.10261056042952328,0.016667273214655484,0.03436674909679191,0.08070325352479303,0.02736019543465768,0.035092152501532144,0.020615719449101313,0.03721941821381149,0.028031055350950254,0.08327358958741582,0.025498228884837784,0.03897420958101377,0.03639160442988865,0.01974589094662506,0.14997344615968394,0.1229648239472893,0.008390175046332103
46,0.04643775804282077,0.028620188528882658,0.016591877444182307,0.03439043153820452,0.06618841147686974,0.027677707226582766,0.11473638310241802,0.054441755686577574,0.08239174271253132,0.039358085407105343,0.04566517368668102,0.05203307419002789,0.01756312529145337,0.05332313373800856,0.045861963978886686,0.06882410420196637,0.042720136074462525,0.04643060924657936,0.03597576053564829,0.06675369795774476,0.01401487993236615
47,0.0544194429659217,0.01292915999181052,0.11980446340132443,0.08607226967730654,0.030526906659950406,0.015041073652740704,0.03130092452760376,0.06816593305130782,0.03482341717816819,0.03025430560626543,0.030516143990275406,0.03049123949235616,0.10062997917995355,0.04484007652698259,0.01796378713869228,0.07671686326462923,0.07733539396398403,0.014729139792297013,0.03551435792500564,0.040065394665279044,0.04785972734814554
48,0.07599101069756639,0.04798056749058359,0.08413883387201627,0.04939276966322261,0.05884029756298292,0.12452619679599503,0.053963460171383815,0.008901702021543004,0.025961515645370126,0.02134280105253184,0.04512486295377438,0.020833023816622106,0.012558636695260278,0.02279339896956468,0.006536149681599829,0.055174685010797815,0.07235622491085947,0.058819219054110396,0.09743129199339472,0.03833896976770791,0.018994382173112844
49,0.035012783680565616,0.06488028176702787,0.06395519199798791,0.0657084553038,0.03879924071887176,0.04144752099513115,0.06692659804577432,0.051541881051532776,0.03326325995035119,0.05473423656770684,0.03152091751641448,0.01866278488688176,0.013195514997002342,0.07209272379322984,0.02326178539786599,0.03992776625569688,0.06685230774732974,0.1120024911620658,0.03469227239194133,0.06045612157102656,0.01106586420179588
50,0.08968166989885851,0.05328603785714031,0.04208619445451739,0.06348533303295058,0.032211248279738404,0.03981811026732932,0.016836489172620917,0.05255929105484737,0.015176623066255399,0.032233067709064867,0.020528294703439788,0.029491805158226164,0.05439574784783455,0.022498362323943182,0.03340930553252925,0.11830662661125559,0.10122749311786176,0.08755607785937027,0.023066244197379113,0.0622783443226293,0.009867633532208039
51,0.04209645158666217,0.042165908307459435,0.08742600051400971,0.08501459759718762,0.0384206267483246,0.06488232472924275,0.011726383386626906,0.03834555265747522,0.021201185518403633,0.03277272957626808,0.0724471071014271,0.014022855892725082,0.03754572668636195,0.051421074608935954,0.01657869981738239,0.044754262003074925,0.05412160147807791,0.1009977194410282,0.10263608558877613,0.028263457779874216,0.013159648980676014
52,0.027368890919700652,0.07120239949888386,0.049745226445101556,0.03893413944223269,0.03294691102795544,0.04300171724359417,0.03522884922032036,0.048190521848267207,0.03302892222253985,0.16875820554089868,0.04558891398917341,0.06837717918108052,0.03416769610642535,0.03451603548101361,0.025402704996170963,0.031050012222037345,0.01939703990651105,0.0571914875856261,0.042893600652951586,0.03623004352358435,0.056779502945931246
53,0.018073656089308356,0.05311303479682708,0.022933229319713495,0.05354968520575468,0.17663121631088116,0.06418912595075758,0.04354372683453787,0.04764497001581118,0.029435421069305676,0.05789144580248745,0.06329448668310796,0.03880596390094304,0.02186822275159496,0.026599490491787413,0.0357712782398478,0.041246078668014795,0.04359520799061753,0.042105074819899835,0.03435613404160654,0.06646000326747932,0.018892547749716285
54,0.041251836886802284,0.19478519449284376,0.06830108840327256,0.05426978586402399,0.02752306194468647,0.03250822061033402,0.013810031024280202,0.09817275238998364,0.020131097766618356,0.01752978491671322,0.019947783670099712,0.036410817551686875,0.02740089654675058,0.04918711191987786,0.03725907880222127,0.04987117662332418,0.03784445957728268,0.02803319087689287,0.02774722691849683,0.05046521615094551,0.0675501870628631
55,0.11433527845452646,0.04207619686328096,0.037918116236492196,0.04205022864948416,0.03105836097020174,0.06330770783686503,0.011144663108060856,0.04967147097851091,0.03692761672815958,0.0676589993269789,0.046020379612679276,0.013927051665628512,0.04270422633890203,0.01759400977057118,0.06515019774205513,0.10790605865202509,0.07217586711891841,0.039286275942639885,0.044519317200910215,0.016270029856767627,0.03829794694634187
56,0.05992340895223967,0.02242120769107495,0.009731922761027113,0.02617836379036841,0.03057698665332078,0.018788574356087027,0.0596169332086724,0.10207740321638616,0.016316988444346207,0.04486229097148424,0.059095456596345027,0.057878343699634,0.012976764637638078,0.03409985071545109,0.04205090122551219,0.06978239521263822,0.08075628017156238,0.09952803948651189,0.05229336468561158,0.08607748291125034,0.014967040612838253
57,0.05056210135537617,0.05183345500562336,0.09666329528239112,0.04174366599106504,0.04552425210676894,0.03925206830667133,0.04579177499155934,0.02528002411804685,0.04671090726843604,0.03531430134330373,0.0513280471415085,0.07298757923265817,0.024023196921699012,0.062390386258840476,0.04481794817544973,0.04380117534579815,0.03412554943296464,0.0558829716085061,0.04736580636537019,0.03971391273120025,0.04488758101676284
58,0.03249035395455621,0.04434807464881179,0.047010123958089185,0.04760146517408366,0.046906861091712174,0.04768222016283129,0.04863596331554774,0.04195619508493307,0.049669440947085336,0.06568763336614006,0.04828296788084134,0.049664109089626686,0.028972891264471015,0.044132946049433304,0.06423397009454548,0.05110978366627543,0.03658867344620203,0.05158229366740077,0.04808852259344894,0.0594823676762026,0.045873142867761896
59,0.04603223491530662,0.046466878653739774,0.04464235709447759,0.05114502370555068,0.05253932750955615,0.052896052720300256,0.055158093425480205,0.031353056777086476,0.08315837793099508,0.03700215876350008,0.04046466905507197,0.04860195303402727,0.04955218468668276,0.045250528237576866,0.040764398848663404,0.03872576544434543,0.04381046212504529,0.044837290734979336,0.04925281368046424,0.057743045600384506,0.040603327056766024
60,0.03429599279783569,0.04241527796564935,0.048755083270843255,0.03990418636835146,0.051663207633449074,0.048114448055234356,0.04720662957230783,0.052727942165316996,0.05329992782199639,0.05872616076123338,0.055309522173563906,0.04895936929330379,0.06772491767816684,0.049203410009178654,0.04790853322712202,0.03496622837216421,0.04793638833200912,0.02862436108108699,0.051501905800579346,0.054430641899866905,0.03632586572074041
61,0.025121178754069513,0.029551221451347413,0.043978911399233704,0.03492151634838124,0.049873828104306926,0.0997531135836124,0.04660895377653268,0.07764316988999984,0.021830676540442875,0.09794356063328313,0.03773427520008406,0.04138216420584141,0.05636549449724691,0.010003627888821956,0.06449528419799454,0.014873709805609892,0.046359176311738685,0.08141923343855584,0.05678661055813587,0.0365791477620495,0.026775145652711597
62,0.03594456479217348,0.038968165880506146,0.033323130403305465,0.04667019661727125,0.04363678186845179,0.06664558406232576,0.09325509723655437,0.026937216402963718,0.09631537788301375,0.03795789564735077,0.04707148525371219,0.04374756162684921,0.1041222448144998,0.029001416747771118,0.0297964525521121,0.04384773277080811,0.03861702557738484,0.023010460732354566,0.07141663003058477,0.032233031722476026,0.017481947377530786
63,0.052950045538202255,0.057807007053705,0.02949562996740099,0.04857389821060616,0.06558435576009757,0.07797033704954484,0.025383198365444618,0.029797138216307268,0.10118002680410398,0.06371030913436031,0.04415229090110274,0.03162087968140562,0.05785743253838695,0.0532655576684438,0.030053616172886904,0.07282087980998131,0.03702214161984775,0.0608089708185124,0.031486633276458065,0.02214281050529998,0.006316840907901492
64,0.05021054977651722,0.06909543930943803,0.06119460652865254,0.04683168368432185,0.02093017200874537,0.08245265551887074,0.06049719551211192,0.027253071498408502,0.029206257871282105,0.023268908364775825,0.058915879026018796,0.05009747254386456,0.06842809183790528,0.028038436844579736,0.02849744484370797,0.0737680997430196,0.06689581878607127,0.038666890789296984,0.045306025658426154,0.03705006295338715,0.033395236900598445
65,0.05007350464393676,0.0472415630401666,0.024009794509365454,0.07374136405425409,0.10653943210452478,0.019919200532600108,0.02789723619304076,0.02659777657540992,0.09268553869999924,0.023500272799235417,0.04911577738849273,0.07212727154311668,0.02906525423807306,0.05403792308064391,0.05370251938842439,0.0288814978391571,0.08142667354095384,0.03486918055908599,0.059394078418568585,0.030448447769696723,0.014725693081253875
66,0.05758899057568534,0.027256289096439467,0.04300191747404761,0.0515796108269825,0.03155480363240038,0.10087864537293756,0.0437503956438427,0.05246177537487739,0.040737169001343936,0.04922266934351953,0.04875182172355936,0.04616599327612901,0.04036455262364095,0.01953254810687959,0.006986071993747563,0.07827889722885138,0.051622914397462444,0.06132792919146357,0.04298573589507875,0.055929667400672234,0.050021601820438744
67,0.02907198134186746,0.0481724448657864,0.044900157011522605,0.05733953035864015,0.01395878094799611,0.06034988132026483,0.049043400202207155,0.04264769415509244,0.025732980969120304,0.029848363981009055,0.04193542555946093,0.10554975475311074,0.046847850797008025,0.023148708393447973,0.0327717187998664,0.10007089905901405,0.11759456026578323,0.021296843959564406,0.04670817601644851,0.04155968688088689,0.021451160361902363
68,0.037022306353240705,0.015596429718035832,0.0583854677502053,0.031708461306575064,0.047580374328090785,0.03552299499721648,0.0786825762345967,0.10994219140191169,0.050417248911375494,0.1408726711199062,0.0647178244185975,0.0367321485767628,0.009472564173853365,0.02398052911824907,0.048117898355899434,0.01741745283255803,0.0682649876043451,0.043418060915888644,0.027879723732198103,0.049282055096371735,0.00498603305412198
69,0.03391117936269627,0.028966607403789913,0.037757377539996834,0.036024410958717584,0.07370361021098688,0.02330995286684049,0.0548307783770834,0.026449212656140277,0.04386669854978235,0.0824717248106633,0.11545696111035388,0.05575237266251818,0.031349770569676146,0.0254253223717656,0.0450483404352576,0.007684571830318394,0.025095008095366775,0.0247231264819915,0.10522557622240229,0.08045285667180957,0.0424945408118428
70,0.06005812037811548,0.03153583614439253,0.04046123643611624,0.05249541338242495,0.08531711324078972,0.05088574639219247,0.0315317154970393,0.12434329139490183,0.011053005455713428,0.029541791336081535,0.044139381346408935,0.04620002654033941,0.019460521933928478,0.06000090555611506,0.023608383577585407,0.08687071205806904,0.013919478653809728,0.08486389989740638,0.0644314487204761,0.029537069118183632,0.009744902939910339
71,0.0664147667721078,0.06110455658641837,0.041832476110251274,0.07635211392102653,0.03284160614253611,0.034565209732351734,0.01332627040114808,0.05559814901162168,0.0104765340401092,0.040042599319906155,0.01761765133120099,0.01130125009213993,0.06536992315564832,0.05420555854133738,0.02967899224525579,0.1202128933712132,0.12052848650163696,0.04444234192788258,0.04385058612643093,0.04550034408816194,0.014737690581614999
72,0.03562309112721383,0.025776800796900482,0.03703256474042933,0.05879614740103975,0.016994377953710615,0.07163076619244643,0.08003346525936958,0.033909107940948084,0.08066438919430934,0.01626229110419928,0.03335856497866081,0.07132591741984559,0.016844794983726586,0.041812535195898504,0.06807375931003423,0.04536238420420612,0.07277066329118827,0.036000065496399204,0.08167963576715652,0.03704275226202122,0.03900592538029619
73,0.05616730984905098,0.03607579401045096,0.04221329725643002,0.06320170076541037,0.10477612644614671,0.04916890154322061,0.030098610462584163,0.02813778483116737,0.031297837499659864,0.04864820917447793,0.03709924681326459,0.040989065680303007,0.015542382321394484,0.08563279889377447,0.03570048917166477,0.07605497159211376,0.03803137714327628,0.02580431308871859,0.05784463796889176,0.060775459940667215,0.03673968554733211
74,0.021960226873061102,0.15826729865050942,0.03651345046234358,0.03615385441212797,0.04066419801747941,0.03442306719837116,0.0222541727456595,0.039360006118357264,0.0242374280597665,0.02612991150444328,0.06349535745317506,0.03517031024078817,0.06344200832565942,0.08151034944923405,0.035443265137629514,0.05035604307370405,0.02319212200264694,0.036655227418691955,0.07805261673641946,0.04766371733601601,0.045055368783916146
75,0.08554255332090438,0.019247323769107164,0.020688254032090795,0.015694513284106898,0.07374146578123845,0.027317394642364122,0.007701055453640875,0.12735814543206544,0.014241135279212199,0.09516341169991893,0.052584687052651395,0.09574833428229192,0.05441126241628598,0.02964720664940468,0.0025421766129256696,0.047085031742595686,0.04977595572878316,0.10809582122002277,0.038907673893328186,0.018602806868923703,0.015903790838137585
76,0.045776088059509466,0.025180075853735762,0.06666563465716963,0.041533772725265046,0.008627788010626315,0.08864564182637527,0.05106761157057084,0.03178884289514909,0.03417959539072197,0.07077554221624224,0.05147130535235155,0.08510522571260806,0.12965364913296304,0.04822733021659681,0.025993711737786827,0.04724484373346708,0.019847551468666673,0.02826630344060925,0.04021979570601831,0.021843814147744688,0.037885876145822076
77,0.053899915990188015,0.03488668071135503,0.010570079911000027,0.03852424857640357,0.056630221988286704,0.04720135009302607,0.04761771441723261,0.08179062789717109,0.01521283736894552,0.06777551117316283,0.11753317013050862,0.051292378615276246,0.017493379750708887,0.05900312492374239,0.03360995583011052,0.03724306558961723,0.05058856049231985,0.06007131387043931,0.05869496404501571,0.04576103142869873,0.014599867196791058
78,0.04025334730958319,0.0593682440442654,0.06972781485582301,0.05170724549859145,0.06043768195263872,0.029563719458204907,0.042231468228000134,0.03670384293172375,0.0947056944325734,0.06643320028036835,0.031526830033121706,0.050219384864313814,0.020019309667922564,0.05874202314199591,0.07823106901923274,0.06416299744591522,0.03780809665813697,0.010612178976303118,0.014805916248088248,0.0662314952443305,0.01650843970886694
79,0.055905659922726406,0.037452530317647004,0.026292644265220936,0.024605491546255867,0.05490582395110195,0.055203396334559424,0.05026505300151129,0.02143149966498763,0.027939868548838273,0.04920332624367945,0.052804447478501174,0.051682780552452984,0.06610146248650244,0.06845944168431287,0.03616284680788767,0.04595416581333915,0.10615894856949284,0.05210149150382687,0.04751157329374628,0.0111455311055457,0.05871201690786379
80,0.06647773599645311,0.052340100826882736,0.06847628662728919,0.07916282256888324,0.027968876803493567,0.0695826420515629,0.0236556623521069,0.03887611215943422,0.05379100598256586,0.0538802510455635,0.045762607764834755,0.049762782995159086,0.010915560358341396,0.03915459411684425,0.025614719527866828,0.0399954949741566,0.03689860476000444,0.050525631605747516,0.11518076998054853,0.047325822266108125,0.004651915236153273
81,0.040267361458565146,0.054303080280231224,0.09289959896886771,0.060047144519082406,0.032777502130208275,0.04516117801501944,0.03451972407292174,0.03787654546709581,0.050868261617320894,0.04063790916012237,0.051598706883834916,0.07907409601834808,0.05858118992650378,0.051959958608607096,0.025326969209740192,0.044212594791074346,0.07416080946810456,0.049037985337321434,0.03339812682952719,0.03076808118703683,0.012523176050466517
82,0.038006761594713216,0.024591276230101808,0.06582857365704167,0.07761075681434763,0.1251625498088747,0.04841854107633658,0.03536619588624756,0.03678745506049795,0.030317749400784612,0.05334055620161209,0.03544914671945906,0.03970375158534555,0.03983687172979352,0.05182616361523996,0.044159909519454435,0.045030797382191005,0.04913533425184376,0.039789042320803984,0.07119699127917102,0.03400711284635881,0.014434463019781114
83,0.1120480399859594,0.05827070561333077,0.09799280923592235,0.12926626983699468,0.0173192886374866,0.020616612515019294,0.016296441091661826,0.04922135169888916,0.009907230708254798,0.03493322536294915,0.016552338058798466,0.02829018134208187,0.04164214862550883,0.0647933222361999,0.023043160426099808,0.06404421190298662,0.052171847972397226,0.04562697010607411,0.034379356624847694,0.06889319145231836,0.014691296566219088
84,0.028964855490948634,0.0587825818425576,0.04329993168004445,0.045117386915888194,0.043593342832524966,0.06423045296837825,0.05295305617520617,0.06064745055898053,0.027951197610175376,0.04271832399469784,0.04623193870009588,0.03183500927727042,0.02013293635480488,0.08603649341177175,0.05519511760203221,0.021907763833150812,0.06901116120217039,0.07586030626077477,0.08257293255201574,0.02759841508625525,0.015359345650255903
85,0.06594419364125483,0.06018214999063789,0.017220372689943707,0.030342219491360574,0.03977114662306515,0.03383157361938002,0.05126011135439466,0.0142063234595897,0.026311909193764672,0.05018470786002112,0.04664790465553274,0.05257753133836719,0.0738598511461399,0.11064681205564685,0.03128711915585853,0.051685136222867,0.04926722856901838,0.06757600501309992,0.050800621052923,0.06493059270715962,0.011466490159974549
86,0.034572262938334083,0.06159996734675124,0.08626702637313648,0.043022409555742123,0.028567231071844525,0.04629203873051463,0.01568964003345841,0.07918311116975134,0.02275290034540604,0.11605300481664119,0.05261487991469667,0.0333460405013028,0.04969906149236658,0.07783054670366364,0.025118906470540162,0.0500796152599712,0.043786009429377985,0.04283879189526769,0.03056421849204838,0.03134162412004798,0.028780713339136857
87,0.06025016402738681,0.01254281421836346,0.024146630234521377,0.06451909434483796,0.05408428524054289,0.020482335022817506,0.011833065549881994,0.027835026407158393,0.05322380586512566,0.053285609906257365,0.030500595334165798,0.05959809877073587,0.07011669927543798,0.04733397023284419,0.05972720299100592,0.13814833901570894,0.0485936156981192,0.050350794671888764,0.041920144860769004,0.03858286564687495,0.03292484268555596
88,0.06305960260155284,0.01883452824780081,0.04820008070866763,0.04361181753566236,0.06878253170332276,0.01587669525228265,0.11692310122691209,0.061417102822456555,0.03149186741668413,0.061473914185918695,0.05447015922828548,0.07139093666207223,0.07752007935695901,0.02678447213068522,0.04768234387831668,0.030429727959930347,0.016657555542931017,0.04575143775395776,0.04934848104382028,0.03354543322212584,0.016748131519655648
89,0.040355062717787896,0.02078582215677044,0.01616765930660523,0.026372336773981066,0.024231671524149068,0.020735398027097833,0.056050362909328307,0.07518401400238288,0.041780983309246664,0.06095182995283492,0.036780769287837974,0.04910033354028406,0.053386273789627736,0.051555423581181786,0.03151920930115961,0.027254000523429186,0.04646754750306964,0.15144772592643957,0.059513711795379676,0.055590065458264816,0.05476979861314166
90,0.0356010698319748,0.054310337433548274,0.06673911056789816,0.08482609111458428,0.0705014131918429,0.027119569587795753,0.035501955858401185,0.03574795367453305,0.050926545490173024,0.027343058556141005,0.047821585388064504,0.02894975009084297,0.019034163676215247,0.025700083280149614,0.11578983917464052,0.05190181704591124,0.06374078167701512,0.026967297804593893,0.08168899336105832,0.036361552295299124,0.013427030899317027
91,0.05315126400887251,0.06424173111975742,0.05186009555316707,0.11084102279441228,0.03904234467186664,0.042959573541933777,0.018719070772401047,0.043122924593964516,0.03309968360674203,0.01929024457066962,0.03956566387187834,0.028834575137602524,0.024492792991311876,0.054045337909875875,0.04188592173089579,0.06079080462634715,0.10289900066505893,0.04212582177182219,0.05193824076490015,0.06458083751081474,0.012513047785705477
92,0.05275448742207739,0.052728139208767275,0.04817217059761229,0.04709516765167094,0.07838363442820484,0.033831111473420855,0.04558100110981723,0.03530363958031254,0.07564610871439126,0.030829609818764415,0.010111119712921607,0.08080962444807552,0.08572482166734499,0.04976014177391438,0.045283419053733606,0.04384828389976196,0.016551158967069622,0.06685876022111788,0.04833153159446336,0.04577706547301763,0.00661900318354044
93,0.02916098613331708,0.10761748236176118,0.01693516630277164,0.06290747876889323,0.12462717595035576,0.03328039772386198,0.05983565725163089,0.01748153716660287,0.01759286358049967,0.04889540850419039,0.06076188018801142,0.051009349428321867,0.05774931879737817,0.02667238125978314,0.04635937884920139,0.028185114149052594,0.02913727254064597,0.06772234457494943,0.051825244960509824,0.041883612422094846,0.02035994908616667
94,0.06965777530330342,0.04518995597730394,0.05305090147173126,0.05483105723061808,0.08764642447134947,0.027993793869135097,0.045292013568407466,0.02042219420568791,0.04366974196911472,0.024885173322052184,0.03641211307436458,0.11195162872764651,0.006063841340199242,0.05533879164064219,0.023027266560444428,0.10689101042560407,0.020007510851647158,0.03245564716466865,0.05651949657450769,0.038661871607189736,0.04003179064438219
95,0.07058198675745497,0.10658462246815077,0.02279162758841242,0.02648199192011419,0.05096344149102358,0.06190911592459811,0.027569496671184662,0.062129989373610486,0.022104418903510947,0.056625342709918834,0.10302218478166206,0.038578720947744304,0.007911588940181423,0.005869848776666425,0.03854410331127199,0.09110631560883248,0.04122447720253534,0.11765215465955339,0.02795659075436009,0.014898761200405744,0.005493220008807835
96,0.049433070940143854,0.019460362701906358,0.06298570703641795,0.03258792709494483,0.03959801422898846,0.02452967455927907,0.11088576239060012,0.048517460606348595,0.026801942936182432,0.013312027941542407,0.03421073708473623,0.008371191421303808,0.0650392126242233,0.08129958561224922,0.029751821159224007,0.023601971149573343,0.009398712960919809,0.09477447784759196,0.10342450545189652,0.10743976737950853,0.014576066872419182
97,0.042332407927763986,0.08654614311653806,0.039740334628478105,0.047850423428905255,0.05164985860408982,0.059869143196195594,0.030028958221203193,0.04009060203023787,0.05534239617669326,0.026184844762655042,0.022961967800713776,0.04709427073236645,0.03052190156924272,0.033025185667110706,0.0524181516885655,0.0544631612225538,0.051071194855465706,0.11362616667503353,0.03245396554504311,0.05723545804146936,0.025493464109675172
98,0.013319061421955635,0.041179029629397526,0.09459601709587326,0.055450007548782494,0.02618831317086412,0.02110462005486073,0.098311879513416,0.04880814132144052,0.047785594908727295,0.04130284506400046,0.06725838499287588,0.10912145484420546,0.024376745437120626,0.020887973553788543,0.020439065022594606,0.12714957376257807,0.02749297046743629,0.040671534802600016,0.033301298942475605,0.029878896474214888,0.011376591970791966
99,0.04543620697296648,0.01684041781836915,0.06120691133273328,0.05835517039124465,0.026936690578633737,0.033262396525343144,0.0298036582240673,0.055615260420849355,0.09659344096561516,0.03501977780653554,0.022985793729076224,0.04928155311287153,0.0829408105819303,0.054006775874241214,0.09791587808302614,0.062436543070525805,0.04837613661924268,0.02233826608190507,0.05889074191018165,0.029855027075437066,0.011902542825204537
100,0.04365027247554688,0.05871916186076569,0.0321711651373712,0.0418594863077576,0.06463022884854058,0.02552333613510616,0.02372089319479257,0.06553328592532606,0.05149326740896972,0.0674374615568529,0.1484820120549516,0.033049407769400546,0.020515969527028038,0.018768931585941905,0.02298333079102932,0.036436934334484285,0.0393700200108236,0.11085620819953433,0.01895422976989537,0.03431371908417708,0.041530678021704556
101,0.06250831955391381,0.04782736798117348,0.025102822319187392,0.029798141073908452,0.02838030984969185,0.015814412641920673,0.026000209524891328,0.05692720916333011,0.041458442128715946,0.07263234335748738,0.059228538305040636,0.023543467092235586,0.04299530012188603,0.055791279718136515,0.03415130875263224,0.05540560230199624,0.051696137074985805,0.15058346179233217,0.028019810855501294,0.06680369692782642,0.02533181946320663
102,0.03629436827952938,0.06821134775544521,0.04803536670900956,0.055929459895361314,0.043040136796166764,0.015490939411093314,0.03317584317550288,0.08629748611352589,0.04248353565100131,0.07152566199734117,0.032976147372091084,0.06203560799727718,0.019972888949368453,0.039604527908372475,0.026833929441953508,0.04141146184717967,0.034043125394282774,0.03198443001914135,0.09223806678373955,0.11422973852406858,0.004185929978548522
103,0.05918325161318517,0.036480956440264035,0.030902991264683214,0.060715616326705586,0.047178823493233144,0.06163964350741372,0.039942992093305464,0.027529100038211265,0.01803759266097476,0.0312940419201608,0.05935178831415628,0.10661436794729413,0.018493951237293693,0.09652574441685285,0.035315587674466624,0.044743712210985144,0.07979187175056461,0.023011502802689415,0.04301235738603391,0.07086077430709072,0.009373332594435482
104,0.05558008060542732,0.060492533365399934,0.04355501121286939,0.026513399314164184,0.07013005860245872,0.03339654853557439,0.024944066708273753,0.02316735226394647,0.019319969558110363,0.05538733693396264,0.11064794723148003,0.03497415087783819,0.010695889221823376,0.03922337202004061,0.02490221475197846,0.02111424388072452,0.031661567735375276,0.07937439531367081,0.09592855159510506,0.07337112474549544,0.06562018552628107
105,0.02852949098341174,0.04219807637722653,0.05018443638737056,0.09404140834738359,0.11136768531834876,0.01669676608435044,0.07013378837169655,0.024724488933154855,0.05439477884270627,0.037002981011095316,0.05724827936524671,0.032371152734906095,0.014320670966004334,0.09601522465929933,0.034036055725922526,0.052507578995330116,0.026577966558303075,0.044185862533610905,0.038382883148912056,0.05928230948994167,0.015798115165778604
106,0.02171192754287685,0.06699205969712886,0.03644726141307065,0.05807954507952227,0.02816271862196959,0.04039651157226021,0.03657079471699211,0.03309229739378065,0.033741536074016934,0.0774818260809935,0.07211157417875096,0.04732139794088721,0.02175658923106065,0.07769177890916212,0.0391236134080947,0.0586530024447399,0.04934381176050845,0.02646025490059765,0.06980049615568551,0.08550806363422692,0.019552939243674336
107,0.014762614446923646,0.0522537476106766,0.16880743973301318,0.12576122353357677,0.014833422955199049,0.04755723723788074,0.055585699440654376,0.01937306692221506,0.05015613163932574,0.030178074375037334,0.03288008015873401,0.03939539169736606,0.03519383633850731,0.07262235289825919,0.041080390853726785,0.03636308989528482,0.02110416503998378,0.02233258790227238,0.045143453349725346,0.025886947041933884,0.04872904692970394
108,0.03985440925698041,0.043733268783812014,0.06864881875842861,0.01874132090745955,0.07116694621373554,0.038306410051081576,0.021403068651246828,0.14459200733005073,0.027212306893482696,0.08572965919958245,0.03311441771514415,0.031103730884366656,0.010715442881919068,0.08012141730470755,0.04694469513028447,0.01864786899070799,0.08976311932236249,0.03315288666502869,0.022586626785817368,0.04064448883631187,0.03381708943748934
109,0.03626057896483619,0.035910150206001044,0.016655824884640347,0.07879977001938097,0.04270932554257307,0.02287933136267471,0.027063023844856173,0.10485616068420323,0.04358354272314522,0.06826087358683328,0.06453405185656988,0.04186140775362805,0.02563360607935371,0.044428076496253584,0.07643888535973067,0.03100511770986702,0.07018808354243396,0.09448755939462951,0.0112371771529709,0.03703520460918748,0.026172248226231022
110,0.08126479278375545,0.025175265894462673,0.051232267396153656,0.04762433266428685,0.047469164096559734,0.06411619365900278,0.07141638197164105,0.04172651541423768,0.022314394826185805,0.022597005228990812,0.0862979659137607,0.11581560009055708,0.008559511004562252,0.03136260804014968,0.05005863903376338,0.05363261323032444,0.055085135745587675,0.04157582838018341,0.0144551630407354,0.05005502880375824,0.018165592781341246
111,0.08241804506784713,0.05576697744397771,0.0443028386298499,0.021292099311377283,0.02862423505941655,0.03697597168837606,0.05084872066891361,0.045090030505079155,0.029598822426331804,0.09802228651313946,0.028272391753450938,0.05358665855099182,0.03004644871669748,0.07851006348361844,0.007465837536674354,0.04537876628747867,0.03689566475157949,0.07277246317718615,0.03851705115522531,0.0702873538788178,0.04532727339397088
112,0.03506222447836839,0.031507827815713076,0.03579155493415413,0.025992162885430384,0.1115261477528034,0.023051794089294444,0.02123106200530989,0.055669321112194005,0.03893385141920591,0.025904697730605802,0.029919937629017276,0.050222352844301967,0.019098036117152235,0.007725011020890156,0.0652859671201064,0.048604580950472806,0.0531585944606562,0.08924702345013542,0.11298355548467805,0.08916575941487177,0.029918537284638308
113,0.043370434183836716,0.024737162725482296,0.12273612385663037,0.09679422008488205,0.11118340099249621,0.028497485366404465,0.022484866787698718,0.0599860204922211,0.09003230020027078,0.02475820687947429,0.05273392850413209,0.012048600434885799,0.02423450820515563,0.009419417796003207,0.048460820465737804,0.020243030554619193,0.06161140236216925,0.024367674492907727,0.03135524034583379,0.07992532820041771,0.011019827068740806
114,0.07275378495158104,0.05770672439487238,0.030458768854115498,0.08538094258512725,0.024617757907869405,0.02135369483528675,0.0502303052126158,0.04681821763021157,0.052409099497266354,0.05215968396705504,0.013459111004132109,0.14392554575530825,0.007991771436962534,0.06602816270985279,0.014173178925859207,0.05049260904227435,0.055355458975180946,0.03246091231385635,0.06717404774014867,0.025226275661588166,0.02982394659883554
115,0.12602576051171527,0.024908719440654575,0.06074939607468311,0.07685005039801811,0.03314357586423402,0.07441267959035566,0.028367783012904327,0.04462351841666207,0.015555849032996597,0.009254386222189773,0.052895525849687444,0.013930157928483726,0.013699655824252907,0.09337647529909053,0.03512113320115158,0.08671389608603486,0.07274400137641078,0.050098963606750736,0.03378392508423557,0.027264380597997854,0.026480166581490487
116,0.01363044279053463,0.02693579781583033,0.04102109439228433,0.03935436185443029,0.033376844939394155,0.00816593798750894,0.04249313730795643,0.03178166959488976,0.05203759977454101,0.1038448484848992,0.08077780042814861,0.03760327167467462,0.11203017396586504,0.04282099429184689,0.01300269312698971,0.023215363672562536,0.07622070576935293,0.06880403436709787,0.08696246052123592,0.05392665343202978,0.011994113807927028
117,0.08053286817619212,0.03399077289729076,0.03461394522554345,0.04970866266164659,0.03750064921479921,0.0899494057168982,0.039390928891010805,0.02509930579627831,0.05842992379577478,0.05409516441800008,0.06025452746770534,0.06655259113753043,0.02113833824423434,0.07323825900361562,0.04189815288364542,0.08258013139616542,0.04560633265899394,0.04610910607050353,0.01464997870687276,0.03228402780774395,0.012376927829554935
118,0.037169249625543334,0.027440756997220865,0.04920110257628233,0.060777803975564655,0.01793600511333523,0.0848381228577575,0.12606820262353455,0.034696492982759425,0.041301468480843366,0.019232206864826424,0.013820708609880205,0.02783759824460954,0.08946059810564894,0.05003188509803618,0.018764006083353248,0.08287830653594924,0.09754772963841715,0.019154733909698796,0.05888630508697626,0.033127896888650324,0.009828819701112447
119,0.061452519861851566,0.15174466103549433,0.04220123613186835,0.06201572346684302,0.019449773961615766,0.026306094287506313,0.06715584092250165,0.04371011078981033,0.021284723457331817,0.060665095067471246,0.06767995756722896,0.01512098723630539,0.02028034260576903,0.055885693908216856,0.04149632303596852,0.0561188072126527,0.033677869889544645,0.04291500073287638,0.04716784703097516,0.043342175316108296,0.02032921648205968
120,0.06331998084189465,0.029350649786950258,0.03002198137159421,0.022259454997223708,0.07013208632855311,0.03712005750135032,0.03044308773626821,0.06880646684084833,0.031764746771742146,0.0767095456003706,0.07946680460629721,0.034385697533819655,0.030227266442302198,0.03907261795562943,0.058184004313891355,0.02659934097002335,0.038272694362391696,0.14422510695533636,0.03431236707265162,0.036127483710915675,0.019198558299945916
121,0.02478467884585695,0.025244525678110027,0.046333767585789755,0.049527319757403904,0.021263474868900463,0.044738363747947284,0.0664068921939065,0.026493117602325894,0.1085069233037567,0.058242869843932184,0.04011072433016929,0.05340651515859855,0.025403797306905514,0.040686051478868945,0.08217237601010909,0.07327191524820219,0.05569388697558543,0.03797658302327088,0.04148430982408276,0.04263200562093781,0.035619901595339926
122,0.016206328158156223,0.054139200127497955,0.02788286194514032,0.03820642330354441,0.04322171576473663,0.0416712135848547,0.02559293941529019,0.05933131259553052,0.03178572833961853,0.1398673911798216,0.03630622613529337,0.06952561010508355,0.04274648148766134,0.053430979979929294,0.024474919090079296,0.06461751707380681,0.05307008934284852,0.05218189978969765,0.027957037761421482,0.05450663173762042,0.04327749308236722
123,0.048537914805538936,0.07765816399000743,0.025342311304402346,0.031630640111624836,0.045410634651889464,0.07172538892255415,0.045013570709152205,0.022896475938187867,0.030867102373355368,0.034273124995363995,0.031080646971536653,0.037364008274603705,0.03278716331736999,0.0587413590260594,0.03386915313410564,0.04445586895146153,0.15047292745764937,0.01718830186672982,0.08859279290154953,0.0554932235828914,0.016599226713966363
