site,A,C,D,E,F,G,H,I,K,L,M,N,P,Q,R,S,T,V,W,Y,*
31,0.07972196824217871,0.04639362575738508,0.05411750195177966,0.047006944782003665,0.050979733439598544,0.043626196759722874,0.0464979339019752,0.04853514691952118,0.05184385384092557,0.05478481225674134,0.04334734920140539,0.051465337856195836,0.04584549740718029,0.04290916941482244,0.052501743520196126,0.050601381893302814,0.030695451135741337,0.021947284820280598,0.0403964122853179,0.05269961952914764,0.04408303508457778
32,0.06437273051025336,0.07829718372133847,0.022802791758613064,0.12784740657820476,0.014490147326585276,0.06885280737125422,0.012450462186366569,0.026902964889383735,0.012370582462917602,0.01505320716316388,0.07324908467155468,0.02181023257524157,0.04528526296010844,0.06660160559094618,0.035016937011197215,0.12631419466629187,0.02274661790926053,0.03729872598397987,0.06036231359485828,0.058788554692446565,0.009086186376033856
33,0.08105658316577403,0.04825362761412155,0.03872566039539182,0.02821437376837985,0.04651731323377375,0.024635641827721426,0.050406644221356975,0.011778552152566247,0.08610481401017682,0.016697988583720607,0.042584267730154335,0.08397008515338387,0.028869017389913324,0.11161522354455189,0.06451548398215547,0.05491731941363629,0.08368475252319463,0.030845107444855777,0.03197344044467823,0.012746931207841452,0.021887172192651665
34,0.06606958053035579,0.029454800004437242,0.04169701978454972,0.03223071625685004,0.053950866712536606,0.03424242494332609,0.013325308554208264,0.08564447026909239,0.020621326991054838,0.09861996305163231,0.06718597504360031,0.040998938058533704,0.009830090987238891,0.044060379399241796,0.048119966614708166,0.015637803804452226,0.1143875488036801,0.035974849542724785,0.05053769118713576,0.06336304654450613,0.03404723291613481
35,0.012854147475649442,0.023860194473199443,0.012027079828503238,0.022250806072324172,0.08593720635300765,0.029389653188106643,0.02185785778695691,0.06815347291380802,0.013694464551728968,0.020419075684887815,0.06437436607952352,0.017252033331955893,0.016194909052528725,0.045346292579149766,0.044188920640241505,0.02293470759755902,0.0831617420237923,0.026930107692543028,0.15566276043753272,0.19593986873190938,0.017570333505091885
36,0.03596029347777216,0.0553105490107502,0.04922641621566592,0.015376602993751763,0.03415721699979509,0.019136391831044132,0.03462793633163843,0.04051612035592101,0.06790719031192079,0.03842858398873304,0.0216977262285656,0.04336866362538027,0.05677923839501209,0.03154555243400647,0.026861239699409754,0.08777262795420614,0.046878871625149685,0.187993188427632,0.030675475329322636,0.02671042909205482,0.04906968567226799
37,0.018012044771751157,0.037395165541317554,0.05605168363375537,0.052068683206659805,0.06378835943815395,0.022950684968224958,0.040340701039766245,0.03841285824531584,0.011905230906231948,0.04708993064086079,0.02543910026028978,0.06383191160158543,0.020542237259435613,0.011685770313988698,0.05348233279113526,0.06640483299700027,0.17146510120915442,0.04008900080630741,0.05068970054715865,0.05359090900366079,0.05476376081824602
38,0.05385852671265082,0.03111618364265733,0.020199124693354293,0.01332301720852365,0.05544837876009354,0.042680496063385066,0.04162442039470631,0.10821552740900879,0.0263864647524654,0.03296567995743892,0.04816224989652768,0.061713365119823456,0.028649057274087238,0.04514540543037065,0.056429968965122576,0.03456637854133279,0.009692237753300609,0.15958174318233395,0.05592436196903663,0.0328082741787463,0.04150913809503401
39,0.027549358567706145,0.030681425075951403,0.053306787441761753,0.01746719053222992,0.09186122688096936,0.05982668926720951,0.02237687477709469,0.02012664762534606,0.025195647918153322,0.048742672616348307,0.05106108325812327,0.022370147154889494,0.08229326510540994,0.0575263967509882,0.015780245178436327,0.01512181277228853,0.027971629307505613,0.03150209579837142,0.07180293166135518,0.17706507628519527,0.050370796024666285
40,0.07362658686826937,0.03284435309972223,0.02835346840838272,0.021280854579369138,0.04400333283204565,0.02924449934139881,0.03904980728088013,0.03968032901531475,0.03975007958676978,0.04304144825723429,0.05078398955164132,0.04631137858858416,0.04089822695573182,0.024120761530519088,0.01293898149617037,0.01660970950874601,0.04078836432888608,0.09455395106748321,0.052910951169449674,0.20990830113877654,0.019300625394624852
41,0.03556012890098358,0.08914542220822072,0.027138997572275496,0.04712306548366862,0.058366434229785547,0.2043497213976655,0.07833352854026258,0.024195941920883188,0.020907443191778684,0.02162441883281887,0.0497719610045443,0.011994239998330443,0.01799443936973675,0.02603456506777837,0.051008606793558876,0.04826851404069413,0.011453715384719631,0.027210451655313505,0.036931458004936246,0.09311272142234743,0.019474224979697526
42,0.11719296121065553,0.028332125380547704,0.05759242158562579,0.10726418894548201,0.02715612188116223,0.04055141221352427,0.018594426010153525,0.02119196526814735,0.021074342744894704,0.022913193584092363,0.03989927749213133,0.059095900743898234,0.03308084829655539,0.018091878853132834,0.0453648504920958,0.0392244126487211,0.026665588068438377,0.1836560430256353,0.05037743710066866,0.03158412156624407,0.011096482888193423
43,0.030491932589330018,0.09305748770330949,0.05259362249604792,0.02740199267161234,0.05373585856152709,0.0649913594275058,0.026190007630223396,0.02084678983698801,0.03664404220380296,0.03968092579671272,0.0440753024669885,0.026612214905594105,0.20080936927686643,0.011212292409455399,0.058748038308340106,0.04151182300972214,0.017676277396509066,0.04950385252375891,0.031155652077856182,0.032053427272492774,0.04100773143535664
44,0.06590482663025025,0.06347974040755963,0.033390322491331316,0.02411237026074046,0.013566957037710683,0.009069355713356224,0.008900228367493377,0.06874365919401562,0.19396338564982907,0.03674109409858903,0.04333194236656159,0.0253305101391939,0.033141480496662615,0.014898166738170517,0.025623076069708584,0.06533281849400611,0.030344411938697805,0.14368491862565327,0.04011445262854754,0.02091100652982875,0.03941527612209363
45,0.02707934142284676,0.051745291960223594,0.016361834888758857,0.038614154458716736,0.097715899553796,0.030381640320010717,0.018296112478161625,0.037586397908946675,0.0509685422694924,0.023732669998934263,0.03194772754290475,0.035882718443097004,0.011705201042222724,0.10538651275462778,0.012786165770503519,0.02179390109027413,0.02829918760920661,0.05612684476357218,0.13965981700397764,0.13278095832608233,0.03114908039364373
46,0.10434033542310271,0.021663762546618226,0.032443068188326624,0.048433354553477144,0.022960765122302128,0.026321455642794915,0.11446250429239054,0.02799562232510143,0.06075197912152817,0.03643807897142459,0.029751613944962826,0.07466141805973134,0.061306646199767896,0.061283803391565084,0.04414929572927223,0.03196223268494557,0.05211055719338732,0.036436604626241584,0.02048106428612829,0.08245947997915506,0.009586357717776318
47,0.09241429043415099,0.03280177365870832,0.12110698536759455,0.0564445420854431,0.04341186781938982,0.038140652445631744,0.038164354035002165,0.013286750021872388,0.01963790892280441,0.019362544879610057,0.03206645631514557,0.04043286470963908,0.150915617666302,0.03149784165159541,0.01320887405662179,0.04852086069068722,0.022478852396520525,0.07447859492749186,0.030227853227569795,0.05187297945883178,0.02952753522938746
48,0.08992038256553062,0.053596317224430756,0.0679177429614866,0.055009957186359086,0.06829593529205483,0.08073755925019388,0.04954703664958165,0.11805726665078467,0.015150533597768228,0.01579880358320821,0.025799371665352736,0.026338062025880855,0.011545092523267873,0.036165062457742626,0.015532893931443989,0.06407227109868278,0.08466105687896004,0.044753728741762915,0.04239797035811581,0.014277367993587925,0.020425587363803892
49,0.10739039853758262,0.028065428036558558,0.04690161604837307,0.05413535778291022,0.02588101304623135,0.021323087661482828,0.0799345490411459,0.04263800980350218,0.05178577225902703,0.024278313694129788,0.08671228963170997,0.04950250861939436,0.017161568680492262,0.05397286802398788,0.028750476755596867,0.06781274616396175,0.06764579564065791,0.053076339809210366,0.06870296462926899,0.0194071285515444,0.004921767583231687
50,0.055886353407922786,0.12976059311167773,0.02422027803015253,0.02738850548519963,0.05625232799076857,0.05649295034738882,0.03627038572164116,0.04916725756578261,0.03023947817917154,0.058339542948131554,0.036815327484044306,0.020728597192487107,0.07319436600960759,0.030596044623993804,0.028002653986520135,0.04599331271445141,0.09315046271285773,0.06911113403873974,0.0333328198591335,0.007580956685383603,0.03747665190494417
51,0.030864393610433024,0.03274036370512909,0.02060173085891267,0.022754035094762884,0.02895172814451056,0.04505271622640032,0.09106445830404299,0.05967960198544597,0.030144418799979495,0.05760450902187813,0.03276166860382882,0.04101743107734609,0.08417983116596213,0.03959923028997266,0.025624339809600986,0.027835449399183348,0.0773437332171583,0.11421510838177623,0.05785717724553337,0.025772386763689467,0.05433568829445348
52,0.017848464321355093,0.09011008363041387,0.023748173433273508,0.05085189193654086,0.07724201446478195,0.025120678521005392,0.05189165093665949,0.08588089027242402,0.01910604758315246,0.1327348301566145,0.06317189321061531,0.03210844084257001,0.01814754272366184,0.04177529420562859,0.018050682361770532,0.022949558113506765,0.03898478624007461,0.05333856947385455,0.03735924341828781,0.07687872063026492,0.022700543523543892
53,0.021954697450571676,0.047494737798463686,0.02123049153535497,0.03716673563186847,0.0670496804032791,0.0067355373494973276,0.055889602109571716,0.05022642335615931,0.035845365367141536,0.05293566157895501,0.08201162667740805,0.06276299932405509,0.051612574883341616,0.041649376124534274,0.01681514951179544,0.048303769143929,0.04587269446191591,0.05904961733730372,0.05917879127850604,0.11036869576977783,0.02584577290657023
54,0.047549031500430404,0.17809104126050984,0.02930024143605284,0.03220422438457547,0.15488308498548303,0.01964472729279332,0.014407836511489415,0.04293761922272668,0.0424234660025599,0.043007178159230185,0.02678388710710558,0.07149817179833176,0.013663464120837236,0.022052942293180555,0.04953231179133381,0.017942663239755036,0.04846849702468978,0.04145144149650855,0.059037400748365415,0.02828397129722947,0.01683679832681172
55,0.2193294647654834,0.029039433585014252,0.03157394831579833,0.03616322821534088,0.03721388685553851,0.08274975969259436,0.027382639083371636,0.026178672487705713,0.02717922145815549,0.017195011687428423,0.050277141134976853,0.030650944071607688,0.027727351048498463,0.027260351229919048,0.04885218474440981,0.03277898147575953,0.05026354997250657,0.06952684723926704,0.05373113385402651,0.029839294453897304,0.045086954628700215
56,0.13069708444780218,0.0277824274492761,0.013431096672482275,0.04285916381443384,0.01662902370746753,0.011912994393920203,0.030961166676347733,0.035774314512464926,0.02766764105890515,0.047076125945430564,0.052005022194611186,0.08142536669906979,0.039406425244581364,0.04809240475107802,0.037825257006862824,0.09034129989014719,0.06622854478373766,0.08952390511012011,0.05165034639190542,0.02665031813030255,0.0320600711190534
57,0.043322227296303494,0.04426563186412708,0.06420887670012569,0.04770532719428089,0.050012452600452915,0.04290152763755051,0.045864839390709136,0.04907456698124434,0.04283941663413776,0.04626823994984965,0.04853325096188916,0.04804603419656538,0.04577828443270127,0.04777354366800868,0.04356500817998846,0.046010258651948084,0.05158567716402549,0.04980279972708196,0.04796814174672059,0.04728109481643931,0.04719280020585019
58,0.04886857132441612,0.05035102478166392,0.04786584347356966,0.05140358336134607,0.050056474123146295,0.03439654291809668,0.04904681495124237,0.056858953905741284,0.048718021845290595,0.03779813215057368,0.047770099321740096,0.044184651803949905,0.03703871618039772,0.08632502446449815,0.04499736578292966,0.04397949184124193,0.03745171043899009,0.04422910613918796,0.04620498036822199,0.04632277522324938,0.046132115600506444
59,0.03857903415704418,0.04768214279856819,0.044617083094342945,0.04276322263780323,0.04874581180881633,0.04694344024586111,0.04875647207538544,0.0447570133768513,0.0752205270977058,0.03822418102445454,0.052173488263018306,0.04625019546335186,0.04823282785813952,0.047837766743863676,0.039214017707744055,0.051910122585668385,0.04809174907004232,0.043345086321263486,0.051639097487968105,0.04634278280581534,0.0486739373762919
60,0.06586808977624423,0.04548989088888315,0.04113651282304474,0.045282001167901445,0.04993058143816327,0.06402460933397715,0.04687277629444874,0.04815176940252052,0.04115018273667591,0.03979018105905457,0.04962453826609556,0.041823865726911005,0.0386361548368632,0.03703296932160031,0.04543395673423434,0.06424582388833605,0.04046667204734499,0.03889646862036245,0.05073293886728984,0.06693555391592522,0.03847446285412329
61,0.05535385760653389,0.028233264793938423,0.0435250245687712,0.03994780914689855,0.04592606146528847,0.12104567256860048,0.04567778739495103,0.09111448873703533,0.04809633043537912,0.0713839272065105,0.026679634021686643,0.02308118735705169,0.03669116143606823,0.07024669811271077,0.023996156103665667,0.028495646721809077,0.02338793041930217,0.024306846944320563,0.06332095333541639,0.04278539070073891,0.04670417092332289
62,0.06166720035483373,0.04325427087449714,0.04852063775170056,0.051271392160421134,0.04904856048466253,0.05297592852640462,0.044159592219517076,0.027816169721966526,0.05984162729549655,0.05186088925545588,0.08173435692542708,0.043179760179874904,0.022169017074364264,0.10081249342091878,0.04244327696540799,0.05405536421795652,0.034150478862032776,0.017082445658898632,0.08470218490869522,0.02363062914147561,0.005623723999992523
63,0.045141327243107716,0.03663328995111921,0.009514516285897636,0.03267791179017814,0.038185025520303444,0.027748576182851748,0.054561017712799934,0.04022677086308248,0.06357415839674205,0.09936419868266526,0.031466295568120015,0.040848166515232286,0.053780698293297916,0.09185891973367175,0.0488823290457825,0.05432065980127139,0.023750704345062535,0.037384790683363374,0.05363716227201419,0.1007916270949165,0.015651854018519946
64,0.07249419277562212,0.016148941445185964,0.032237597450713744,0.05107735710901885,0.05447488108358064,0.05277595354315767,0.036060977103293146,0.029129660771833085,0.021130680433490968,0.015609520156294406,0.04559666456137209,0.09038107355651973,0.018555549172218556,0.06794717596037127,0.03804274644783571,0.09895548692158179,0.0631092662051206,0.021241192041131146,0.05464574021376077,0.10555672759639276,0.014828615451504998
65,0.04868507270655773,0.05977561038080421,0.044024382757237836,0.036603526493896185,0.04726762340470187,0.05113522637962337,0.10738996456528398,0.020566898214005407,0.0937664471439531,0.058769025275884484,0.06135548074649902,0.06196191134961758,0.011008846437883793,0.0378738468073503,0.05679424376992425,0.055431849329360704,0.022632901622684783,0.029304837984074857,0.022344108562527304,0.04058404709690389,0.032724148971225324
66,0.15078538980500375,0.035537848095020586,0.040646577979151687,0.03751295167720645,0.03762712437689196,0.04752590582726742,0.033045761531401846,0.10095978279744135,0.04738923230756816,0.028535593255084642,0.08340841814234744,0.02490007689424529,0.06202741344662142,0.04033963326551973,0.021231665923899794,0.042895192026299885,0.04918896842103004,0.04695006318148328,0.03075305512302599,0.035177349610089705,0.0035619963133996136
67,0.044091138982250054,0.02357466457690023,0.046469834627807925,0.027112668565541974,0.10978640830687227,0.051981999004613796,0.04062158932798803,0.04760178637821688,0.03314285081052435,0.012359376877105354,0.030224274085146653,0.08405877520496571,0.07049334012505286,0.05693094504841271,0.03736615382066664,0.08855089797738638,0.06862971743449632,0.06616204200088449,0.028618379371589554,0.025638341693560763,0.006584815780017039
68,0.013966013666232189,0.02898726931273976,0.03772845373630023,0.037495581447959406,0.034910598946290713,0.04133304292196158,0.04072290544626097,0.17861346045384566,0.016977722230961376,0.053474378369678575,0.0808559057170604,0.030093407092070357,0.010144449385415777,0.059441880160719066,0.011540745509619756,0.03510852364654768,0.024098671191782092,0.12518070154954175,0.047780979094237126,0.030600647920945623,0.06094466219982992
69,0.017780349479727373,0.02184929339677682,0.03480223856982117,0.02340848100022835,0.09192392112271221,0.02547112187356426,0.10358657310152745,0.022166915055777833,0.03531604087671534,0.059347611526873505,0.10122723434417873,0.019660650658504305,0.036121726001196966,0.026347638639956678,0.05335400837406765,0.019896101120190104,0.020309201052137998,0.022364830932345075,0.11064460032572931,0.11715985942130284,0.037261603126665994
70,0.06066455004931661,0.03349485917998608,0.035018491082457956,0.03394232633367595,0.0639751071322069,0.06783324778787315,0.057047364971989215,0.03140298362515771,0.025648809561168894,0.043963877596057216,0.0322001285885578,0.04789514641315824,0.012919539176692404,0.07388535843963139,0.04246765680346455,0.03518112609052851,0.08778815658865541,0.06637263118811333,0.06248273329366354,0.03171586624212082,0.054100039855524314
71,0.02251218206322805,0.03209115506976349,0.012914818961223465,0.04579796750651538,0.12797949904084577,0.05811684567658385,0.039838553180266044,0.04313354408917834,0.03232119910302594,0.053002564682963715,0.06342474828397188,0.03748296298587475,0.03814773046635898,0.06692954961034774,0.030588363626608283,0.045527273024715945,0.11855587422908145,0.025278911859403935,0.041924371499521294,0.04172922854344995,0.022702656497071767
72,0.033330715643684394,0.04547197232017627,0.03435988123147085,0.027449980122302067,0.044158481504533026,0.03180309174188748,0.0959337646072044,0.01647872137559755,0.011886456720055961,0.04017420404607309,0.0623905596594428,0.04401085177446585,0.089957207284539,0.044792254382235296,0.09289201419252212,0.06473296279900649,0.09269692196020128,0.015886621139929953,0.05845215696973437,0.025494852033482913,0.02764632849145484
73,0.07676317050707457,0.06353802908499936,0.04859031360642962,0.038198570954183865,0.06034220645636323,0.06903153859659464,0.035057633359295695,0.0767693945320263,0.04261711114398103,0.13311118684608605,0.042342005665045875,0.0664097405480455,0.020149190463045388,0.028452106017414543,0.010502428992158303,0.05765846690391735,0.008380117572592143,0.017917980821857995,0.051784150671181695,0.03452582900165422,0.017858828256052617
74,0.08094460716522951,0.1800525176297132,0.022561271101770138,0.017736099937586666,0.06320818544399365,0.03250438393789126,0.027226950979378405,0.07467838898432533,0.12215279630026475,0.02024549345679646,0.02566032278384929,0.07904588637372309,0.017573403908624736,0.020799683019128243,0.016284142715115888,0.02686042764653174,0.026018323429075927,0.03646844978990025,0.03109709297226854,0.04144492470097324,0.03743664772385968
75,0.052367122589457527,0.028518349520077965,0.0472653528094101,0.05145204894990369,0.0325137869510054,0.014179672668271893,0.03029670677393547,0.09543065923657872,0.049965060838700455,0.029949995988989946,0.0878071058993412,0.05227392505494901,0.03970221748801692,0.021348869819550958,0.02255809479774254,0.05577120724200863,0.08919754633926451,0.10023920087069163,0.04160362099913484,0.038339962478419434,0.019219492684549127
76,0.04875524068874708,0.029900743445266265,0.04296712234563151,0.035717039783822485,0.07026735151986925,0.10787235581671234,0.023939696733327135,0.023996740633680513,0.0848023794557078,0.020703841526587687,0.02545656053908913,0.035784698119962786,0.09864805590721286,0.08763785901014579,0.01883377217665037,0.05063980048473389,0.07410018773566833,0.013091199034538932,0.036121891939940746,0.0205867450537228,0.05017671804898227
77,0.07551145264653583,0.06583333573362748,0.019607000874479266,0.04205773721689757,0.025033686283141406,0.07228931599537648,0.04849413604381482,0.05507352836603865,0.02031730967695007,0.04173939744904169,0.043156531999016104,0.030344794389548582,0.011391631215917911,0.05184127636040008,0.03001916319840313,0.07165140740215387,0.04947421517542068,0.08928469156858634,0.08630172614457161,0.06560090388203167,0.004976758378046748
78,0.07793298724216277,0.06234852167678125,0.05629396202532105,0.017188095967674503,0.03761589785302795,0.08245876612404592,0.054119574414012876,0.04765922002980757,0.056117722985972146,0.03315564439990579,0.06010168553544551,0.032681610134013356,0.040982997357993545,0.040034515837477545,0.05189338820495269,0.02279386531060176,0.015272576546471905,0.07515834124461035,0.07230605298118811,0.04353212901097133,0.020352445117562092
79,0.035653566749132254,0.03744080608752227,0.009245817629547636,0.031948011851097816,0.07951862426989688,0.05303139092537148,0.025768952823188966,0.050591678325309565,0.07130062871326527,0.043710043220048546,0.04132461685695041,0.029882311982072248,0.08657840085178112,0.11442251298745902,0.04332102552704291,0.04518656057675701,0.051123580778942815,0.0535319935678321,0.029920857609109095,0.0518524247697608,0.014646193897911775
80,0.10492546638864413,0.053988014991796084,0.05036662891249195,0.03949143298740054,0.04119351664406326,0.09881103145341101,0.06388008423454036,0.04962479879343862,0.03153279435485783,0.03096592152766457,0.08162744514530962,0.041518126244628195,0.01701834421810626,0.0388733630451925,0.05330740370076293,0.05136209182212576,0.007988255012394375,0.033228842063256256,0.061635105921711536,0.031182791469674696,0.017478541068529543
81,0.06498763946723829,0.028273967191565066,0.09193559024697097,0.12546027148088737,0.054462471271116954,0.06257593562949751,0.00595098783805351,0.052421898748634316,0.016099526248840756,0.06557635327961792,0.03712271487195519,0.08491199530593724,0.0436338958225458,0.03383439253087487,0.023318724279716544,0.01885296413143262,0.06953039399534937,0.0418983761852372,0.030824583520608916,0.043117169506976076,0.005210148446943513
82,0.06301120344685124,0.03230807734839103,0.0720013396764818,0.035247397037425666,0.11379301135911478,0.03683879412902862,0.02656844155525278,0.08524804012632459,0.006993747895755577,0.08513730549093888,0.04559088840323332,0.033226636669210795,0.024706474886668287,0.051917555082195074,0.058110219283263806,0.044615580313978685,0.043174076848953934,0.0841155286804408,0.028462742687852767,0.02201873156180638,0.006914207516831176
83,0.0673408952247853,0.028643383226575572,0.10864797149406738,0.11385620925923251,0.06419123413371079,0.07537923967744764,0.02142421043629464,0.020188134875127793,0.017993132813312978,0.02532925457365902,0.061368376831256156,0.07191596360740875,0.03127804159928418,0.07345721210865858,0.028935189566700336,0.08374286137682278,0.012989013299170554,0.05304991951050981,0.021817563977479172,0.008547442649478692,0.009904749759017345
84,0.05664050059650123,0.0706651807616607,0.04916182303205683,0.04020636335142177,0.042975327263925625,0.021225508128388897,0.05116474622242791,0.06277133867722205,0.04601429100629037,0.03340898356374813,0.059640880257171514,0.025481445965089854,0.018101165966203273,0.061620755833811804,0.042041853118299284,0.06018622058090561,0.03980827833073093,0.05626278055742632,0.08609856758312284,0.06684697186878162,0.00967701733481345
85,0.008984937418616565,0.05418739410880862,0.01743998963476891,0.04726130252914368,0.07638612761332811,0.04479158107748798,0.04607060930964119,0.08881963464103833,0.006574968129589257,0.066191548854085,0.03330456151734714,0.05437671614762803,0.048536798437688364,0.03673948248619945,0.08841132088882699,0.06452092727152534,0.0623177421175483,0.048104460495007925,0.03863565965792138,0.05292418490130059,0.015420052762498887
86,0.05423951663708733,0.039414961572144115,0.03601516208433654,0.009053272872807397,0.04642060378276271,0.03291492638519673,0.062229458197283136,0.1346539631355901,0.007147318330565469,0.13978121290072232,0.04864410337782162,0.046090543092869106,0.02287885564166226,0.07325337847893999,0.03349440209492038,0.03295860084312921,0.04199321241067947,0.05570595671704322,0.04655199722199257,0.013299925985936866,0.02325862823650948
87,0.06681287748525966,0.02780179066382245,0.058143074885865016,0.038784951440611705,0.0901877996279167,0.02297544318366225,0.05522018808315679,0.018234803440837475,0.020766498704086585,0.053376924664732976,0.06933915040147172,0.029770456120476064,0.0718932075832353,0.03651625700675853,0.04096803597322909,0.11857650262759455,0.029807903305297513,0.022601896322226797,0.07061498472045925,0.043415354748547574,0.014191899010752013
88,0.12239149162587601,0.030813835431323593,0.02287657267567453,0.07275446686022985,0.025034347074745215,0.05344373031830754,0.07740306624051858,0.04662100534439329,0.04255479157816015,0.024086304385448107,0.015941089358570623,0.07377152690649284,0.04968402838932727,0.05375775800180197,0.051422534458807505,0.049926621664621695,0.018155311715480685,0.028775376828653543,0.04688662949994449,0.057394241875335004,0.03630526976628746
89,0.03435473552324746,0.03204131876515187,0.014592662642735314,0.029495801719094238,0.07858984799364102,0.04218118004564515,0.05183911516817602,0.10465409619498921,0.01952113448188897,0.12022491056611657,0.045420974388872624,0.024886302746683714,0.028811603668308355,0.024169663903432052,0.07256621786247489,0.02351326750521277,0.06458872562023138,0.10624730631627118,0.015551514980107482,0.04658733025481505,0.020162289652904695
90,0.051404712788488925,0.038953492705069766,0.07893084618073945,0.048910177844614273,0.0347999644313369,0.0701488732820462,0.03763364306749842,0.04161033502172877,0.07345254850683414,0.08482955550101863,0.035667412676756535,0.04906861224202817,0.013003775374264876,0.04407042025069088,0.04835139072167791,0.03774732911330634,0.057741042154167324,0.024621899119547583,0.059839130370670124,0.04397217870366628,0.025242659943848517
91,0.15578150230801657,0.04268667988911119,0.024686148604749842,0.09169468300475651,0.029952873174918137,0.026099397144024664,0.021014545935124238,0.042440261966042725,0.015810585325581474,0.03427236952138705,0.05065318434100637,0.021637403393539777,0.037019918255584275,0.0406122057999156,0.046194119174948006,0.10611812259510131,0.05043053484290247,0.07376543776176728,0.05415782272689471,0.015307724340970563,0.019664479893657237
92,0.03875308851182868,0.03387662133014544,0.04640895137116808,0.02998679578837547,0.07888739183008912,0.039214704484617786,0.06462545126668914,0.04225579336716259,0.08097715724717411,0.06291231754895416,0.06039631579214651,0.055666267213715204,0.03958744315757329,0.10096145991201004,0.02631742151033165,0.04762654802747053,0.02674826497350855,0.018363032205732537,0.06214423779761171,0.009838235721615409,0.03445250094208003
93,0.020480265987251927,0.05053655314004317,0.03795385299787806,0.01897315295668206,0.160462763438799,0.03403582791081949,0.02011499981879463,0.06637241534890445,0.05486259023063872,0.09282305098124637,0.046141102013554994,0.04237707808737358,0.03897330964057486,0.03026656317020978,0.027871623149401198,0.0723996385568161,0.02883292500868601,0.021124637125489402,0.02618208733921441,0.043450487848045956,0.06576507524957582
94,0.03267436743259542,0.01806238710006205,0.05003168942704098,0.10052965546937359,0.04823373606316971,0.020279467295117693,0.06285187989169694,0.039493681190137374,0.04089504981773694,0.039787271877790784,0.04450844734232909,0.08013479041884447,0.07092626175774536,0.08603333296375155,0.017666449654411095,0.05263825033483087,0.07534023663472512,0.025944517503525145,0.03464478645708043,0.04269647446010964,0.01662726690792574
95,0.031608878568190606,0.09895073433805616,0.0272029663790019,0.015018417110474223,0.03623253447583106,0.061521197449695635,0.10204932352744502,0.026406874339059198,0.04592212909933993,0.11904959996552994,0.0879724893372791,0.01503258338807443,0.030502432861894396,0.025573485221611007,0.017463169904097263,0.06374966604531423,0.034494869646191965,0.053142898589231415,0.02825753862163408,0.06087735324106293,0.018970857890985515
96,0.06848568267363765,0.02270278032182009,0.07340393493286347,0.0227269436564283,0.10816818939446511,0.05443929147016157,0.015897570431562997,0.04998186272762702,0.03840317454026662,0.01909394774956028,0.056444104240856316,0.03952950214497237,0.09919742833365973,0.01647975841535325,0.019697086703478736,0.013850845493963588,0.012417615481746894,0.05772360394412785,0.11682962780210239,0.05307252564655114,0.041454523894794613
97,0.04184073910094799,0.03362464044800608,0.08511736134728037,0.03433049189331968,0.07767215819568533,0.027244900428563194,0.13155092035615798,0.050701510605527314,0.05990582517350431,0.021131200783829542,0.04242591623552368,0.05663687858402459,0.013297347436905372,0.025310679896123383,0.10432434694325825,0.050053425833177845,0.014341940501987014,0.051421658819708546,0.029229210475234725,0.02375806994974016,0.026080776991494633
98,0.055880028465228784,0.04841722307984303,0.06048362880909937,0.017103388106131948,0.040366594653137716,0.04168034419440461,0.08579069490697826,0.03346676066837061,0.029873628479811943,0.03186609246689881,0.03996762394491959,0.12149894830374561,0.07181187187606293,0.017699857363769077,0.007459684269664187,0.062490136245334546,0.05473950849020964,0.02579566775145981,0.04255530950752906,0.06199298768485162,0.04906002073254887
99,0.04544637900880561,0.05842700786175088,0.033130907546857435,0.022257853579153636,0.11066957351093615,0.07260453613461905,0.0588446331544214,0.024219341389933806,0.04618796671872286,0.03673036668467446,0.049596513754290916,0.057548859622409916,0.04537017058106418,0.020106102709071937,0.05812054831677422,0.042643402526157434,0.017119928696760017,0.06008007958299054,0.07930901657818601,0.04473919589272846,0.016847616149691106
100,0.021767746838781268,0.018150411477906105,0.019270471715809364,0.09679747743224673,0.07916235962858761,0.04452106810878136,0.01751219172768245,0.03312220958850806,0.02760849973786879,0.09968383697188893,0.16107392850981733,0.03859072325824512,0.015321260448965165,0.051017169527441786,0.02448369292046616,0.049203513521979464,0.06111838606062473,0.044320640727085664,0.024541518306595306,0.04229810405645599,0.03043478943426262
101,0.03880670005788992,0.06625174566770634,0.05722142522148534,0.041761969608463144,0.037379892645057214,0.09805153796580447,0.01934443371948293,0.04185402805664787,0.045876440163543294,0.03274884797503812,0.041684828875416205,0.06026397527749504,0.05827264006596389,0.02956490428979269,0.04889552871993293,0.01993351986062719,0.012881436823198802,0.13480806226317524,0.05245793460936324,0.028522513736405943,0.03341763439751022
102,0.06910691610303796,0.03302201612419288,0.04792283811457154,0.06224637753204669,0.012917557827432473,0.0455602976932411,0.12592194881797408,0.026385943881821892,0.04712017022159748,0.07091155729809145,0.03966406865263027,0.04443648951670585,0.02998998177210999,0.04851213935129317,0.049897292635707274,0.06441126246052531,0.021267978565381145,0.025462329618342473,0.027267438099216456,0.05230916747242824,0.05566622824165229
103,0.1142335492520271,0.07566726242184689,0.14498145855148004,0.07132906914405059,0.024025164991859926,0.029191733916582245,0.029376719528203084,0.04275487382035907,0.020812238599156253,0.03940845917308595,0.014056409318736916,0.0662314785001898,0.015357452376263856,0.08988816284199479,0.023213712758463418,0.04067470543474951,0.06458283907697258,0.024918512839215975,0.03300106374462563,0.013773627082337979,0.022521506627798442
104,0.04022234781245087,0.020785922199290506,0.045577687406875275,0.06466119319520655,0.0867900345617694,0.039321660864807,0.021873624939243087,0.025417153981802474,0.04581191387046296,0.0585575293045767,0.1576844396313451,0.02557531091940493,0.018372636177287318,0.04960625850717015,0.07756020773512355,0.023364182873408978,0.025524502852135707,0.051291694089769385,0.021519343416157306,0.035854999153447704,0.06462735650826508
105,0.07951719524553187,0.022328221380453345,0.03802286505613663,0.11728654813634837,0.03218458364864049,0.0102603294838612,0.0892163662534565,0.037732108309396474,0.03760585511010199,0.09352866308277036,0.06198146626095369,0.06791375935363941,0.007144516118267997,0.06556842338692748,0.06812875319950915,0.02318610495678637,0.03772708429049957,0.006636263614934173,0.026679022519882495,0.061426281286433675,0.015925589305468797
106,0.008127710884933683,0.025976732181602354,0.06339759348943547,0.0537711651056725,0.03972925882254753,0.07898018124543411,0.04922424881362033,0.040378329533276525,0.028116858782128502,0.033318843835465475,0.0641985231417799,0.09621336315916874,0.006190633900430057,0.06450106198097075,0.053107957734199726,0.028521600162780044,0.0558297939800361,0.04379512256849711,0.06571019864366208,0.08773022485605332,0.013180597178305683
107,0.03620130280924597,0.054461371754365676,0.20649896473160015,0.038166235917044586,0.04096412892882405,0.028175450787336378,0.02003072272455346,0.038608676792506756,0.0340132150671655,0.05505298911821834,0.026926581546356784,0.022483125732788344,0.03474766644134556,0.06864961131436405,0.044625433600745015,0.03509688873800608,0.027681294215850305,0.041106134066529194,0.05366965301505961,0.023119137755984162,0.06972141494211004
108,0.07835668372713214,0.03610194862536187,0.03216570527991647,0.01706319342759538,0.060009300678611203,0.02123764703191587,0.04515710007807018,0.10665790497453186,0.015910787326441047,0.10153852824440203,0.04293484967876102,0.031222202379748855,0.039013870206800146,0.019392677835194674,0.04413657762983567,0.02849288112879263,0.09778920872966503,0.07142637131226313,0.030064631239617893,0.06443265316578707,0.016895277299555863
109,0.008598759526181539,0.012166324392836245,0.09043979243856119,0.04301449500954496,0.01321317610742845,0.03264173583464972,0.028613614783803417,0.0757963002312283,0.061127275302234725,0.10404307661768446,0.06825436711382489,0.04739972426585946,0.020015049828209938,0.09459350632058044,0.047325496720697774,0.03000165496991787,0.03877213059193379,0.06771523320559938,0.06489846504006787,0.03690586253667284,0.014463959162482684
110,0.08788928197719485,0.04173311285700408,0.07452276978226258,0.10067691892244318,0.07149551226882746,0.06619321424745522,0.027355597074015362,0.046055098595860655,0.02242120542047365,0.04832377087737277,0.05820094891921242,0.045201317215683996,0.00989684750551438,0.033970743014299705,0.019321401488919858,0.06961839947985722,0.05317051624491487,0.018110263155836658,0.031047689830004218,0.024881523063216178,0.04991386805963066
111,0.04732752285600768,0.06486463080953,0.01497404209320988,0.050377082124587295,0.05323913344203095,0.027869736900418333,0.07651694412580685,0.022467837409265935,0.07524707403402811,0.08187349763768001,0.046501993631254776,0.03325024456515657,0.02436024015015243,0.06109271028290936,0.03656913963287957,0.035059431084354574,0.07372167126082671,0.08998343355154355,0.039184593837628554,0.03706611338618559,0.00845292718454327
112,0.019479134677182285,0.023054463546745996,0.050869459448149225,0.01817132379642582,0.07199129060577142,0.029483336331674787,0.07079228078404498,0.05608760328379917,0.03739532547276982,0.08743204031097519,0.029940840835782752,0.033144122171744644,0.013948131928035548,0.04752745762806894,0.047205808640170946,0.04391550346107067,0.03680128286993029,0.04903868021177089,0.15702890681813506,0.01942429721457515,0.0572687099631764
113,0.05053897106146959,0.021192370673944663,0.11694965172020798,0.07048688899325262,0.07349753219521975,0.011855544620514356,0.0989026009165805,0.021544918392797794,0.03712728447605904,0.029495206454547496,0.0397917115998803,0.052214369166231754,0.005899842895891412,0.07765254108577513,0.07141932665237519,0.05257699587679366,0.02656480283455719,0.020620781713633473,0.03667991613002123,0.03692167658130333,0.04806706595894357
114,0.04334191405523744,0.08161493032992548,0.1372046915882652,0.11141931667512356,0.08088928703519602,0.027226764571847986,0.04654613351510376,0.009263841038216244,0.026923422137287968,0.030838800393344957,0.08647252802141803,0.035620599950703,0.013524493422508294,0.05780573277167232,0.012152550719086393,0.05022703450226416,0.02043409834888408,0.03760026140576059,0.022422948472271213,0.04645123439172089,0.022019416654162408
115,0.039717672966004605,0.02507254882240548,0.021023631430553663,0.11345644008288054,0.06826725707808215,0.08223609715145673,0.04921134695062222,0.02975119617146712,0.050037537044959175,0.024192054171495694,0.09929560931969561,0.027377315996546803,0.015594266125007894,0.053516219589779805,0.04946607810771196,0.06459349674205953,0.06798549909311373,0.01927344977357058,0.04443570394564943,0.04932775842833282,0.00616882100860447
116,0.06874432027148064,0.03931365131018891,0.06317713376735512,0.032135282362100705,0.06373165478403846,0.017856270257847577,0.021357702605345183,0.03292681244315961,0.035404383160766495,0.14983451685370677,0.04776771336128656,0.06046541215739442,0.03894185721334262,0.02029929223992537,0.06663531700578365,0.05284104736760676,0.0386481497825448,0.0321189198029191,0.03634482523124203,0.0372210264091429,0.044234711612822386
117,0.03458690037238235,0.02837607371710452,0.03987873044027885,0.03234203789062006,0.042757693812781244,0.03543878266164862,0.06532056250014338,0.017869255245970266,0.053659103167447424,0.06909106798610033,0.034054640704170046,0.07346312201399482,0.020374548653654137,0.050857829854005075,0.058536651461525445,0.06270821090928255,0.07168189759590898,0.04325946698017067,0.04093949253481234,0.08951467282648513,0.03528925867151378
118,0.10988706472183898,0.019713467646102042,0.02056501369648559,0.02235823696482021,0.033719813553978045,0.05932739498441779,0.11704071403114756,0.025714849809742032,0.0476075893245901,0.011406516140523633,0.023130502248375793,0.03717947231684018,0.1188447101959297,0.0346565949583458,0.02809253049506857,0.10993456327720447,0.058272605335825914,0.03728731778804064,0.024971100860702155,0.017356161437743822,0.042933780212277006
119,0.07332599421476596,0.18998270326683106,0.05572577878665991,0.04989558413659105,0.02094134609292821,0.04203424527777284,0.011768443413705663,0.018645972546565436,0.01678280816352398,0.029022380795079947,0.08913950274423424,0.061171043803446845,0.0322608769910562,0.03551003191357555,0.04877798085134219,0.045484206342279496,0.03419412071675638,0.05049744617759291,0.04527274116692384,0.03284166786094263,0.016725124737425653
120,0.03961754855648089,0.03183281733121692,0.026395807890216942,0.018011440186657957,0.11248122823555752,0.020060000585335063,0.014288309855267184,0.08224246875801115,0.05180313912168128,0.049304107131839386,0.06896109850256307,0.025803334826194617,0.028415265242161366,0.025575316893691306,0.05563494758278652,0.027072733887108985,0.06545720676613725,0.15024348472315607,0.04065671826993097,0.032898596424109916,0.03324442922989561
121,0.0750863856103455,0.015833442838543994,0.011830997841000751,0.03670821293727305,0.05702006847932582,0.03783946686400488,0.06233340694623955,0.02648930058348107,0.09676116087559619,0.03307501221827954,0.03860248015236485,0.013516524203989877,0.03858621046463543,0.055311164460517,0.0777685192424594,0.03846083613857979,0.04550134672404616,0.07959428857122496,0.06677757996170143,0.067852533152182,0.02505106173420876
122,0.03292465544693311,0.012366480399476014,0.05159201392880841,0.056203935434784066,0.07005537203273804,0.03039998059846647,0.029893362131789208,0.020184112192291194,0.06024557655776673,0.17759374112646087,0.09272245743667709,0.018798193617778368,0.03554627864270213,0.032343555768963646,0.016509812402616272,0.019902122170561327,0.045805046648631206,0.07011082646912874,0.04487933526462083,0.022079728656515345,0.059843413072290935
