site,A,C,D,E,F,G,H,I,K,L,M,N,P,Q,R,S,T,V,W,Y,*
31,0.07209011482181239,0.05134445148400398,0.04629115878890903,0.04207008495743678,0.04700726085058127,0.04256456007648562,0.04677024145302986,0.047188661180633966,0.05828287810124146,0.04762065706711043,0.04685763025711518,0.04641420856366818,0.047706474147994345,0.04627610216409075,0.04796917846687198,0.04822168404393629,0.02922025646562378,0.04010234075405089,0.046666919630856125,0.049825342115762596,0.049509794608785095
32,0.06527992076842366,0.06867108063476413,0.08025537895609414,0.08950836968645766,0.01560066795126463,0.10424402766168085,0.038244214887116,0.03392868964083116,0.03169353064869889,0.02509813806044275,0.04690978854196115,0.025846649268708454,0.04478738319616077,0.06541041529431807,0.03301437717170213,0.09144514102973174,0.023109095065196678,0.02941049315162766,0.04469606703032896,0.03457503338299416,0.008271537971496283
33,0.056587972115477926,0.06496274726369806,0.08905662879869458,0.04893863959756101,0.02550443021935449,0.04860725108429554,0.041784849353508756,0.01963524833261762,0.06600490106829006,0.02058030724688752,0.047784011353515864,0.08183594485530901,0.020051602906862722,0.07670599038753399,0.056744981735349975,0.06650658523081833,0.06098921653715065,0.023449326837019533,0.0348675816884422,0.028641615223983213,0.02076016816362891
34,0.038033073750450626,0.023692352542191073,0.04678661297207962,0.061844990669175204,0.058445805523914617,0.045054621068143376,0.018961002700821752,0.05331137201360724,0.030012225970921888,0.08618786403374239,0.0441274205946515,0.03998140499874353,0.03201921138523378,0.048236776572826684,0.06949184927173041,0.03644787935955545,0.0969311370597391,0.03142833598188188,0.047641416569643304,0.06348466536178614,0.02787998159916041
35,0.013318952896436085,0.03582955981002075,0.033452720415724675,0.025954881780833605,0.07066335855293031,0.033576077283963855,0.03570568230002656,0.03919460750711084,0.026222768200540078,0.02374984477408972,0.045945072126433194,0.036369619958231576,0.035993159009358025,0.03469552777158289,0.0488647930145516,0.020815753934413022,0.04969766689906633,0.04027131327403004,0.17610911487855094,0.1466782135654843,0.026891312046621662
36,0.044370081553724024,0.04515271389292194,0.03341062197267494,0.03187323261163493,0.030635380374441884,0.04002120548893474,0.03880392541606915,0.04341526286192308,0.03902398552794959,0.030607707450261687,0.03221858213381258,0.0460932820519274,0.04084667161275046,0.027402779416676477,0.026752511379589314,0.0443728614257514,0.12155107194964988,0.18455777325197764,0.03328793919373586,0.02707511201812753,0.03852729841546549
37,0.034022499507045466,0.04613560908360558,0.02909180403020144,0.026379516504663872,0.038210032190520354,0.05103142481280971,0.03514595158536427,0.046181276310609004,0.04475590950896976,0.038589009404712195,0.028418910012176956,0.05183841886880177,0.04183557280060269,0.023952510567268756,0.04412702704105506,0.0659916869133272,0.17236325825571006,0.030690947077669326,0.0573990461220237,0.03743326186756975,0.056406327535293094
38,0.043376207736829375,0.04317610151905566,0.024763020630819324,0.02416392749862251,0.040434050653775915,0.03060387048514668,0.044285847324939974,0.07167039661769577,0.04188807726952528,0.02944021911034994,0.035333145442884344,0.05819057231086643,0.03780374431621903,0.08163033612680441,0.04059871372993495,0.04458679029714566,0.027232623792138953,0.1785106698582759,0.04535000812103201,0.027823995828782904,0.029137681329154976
39,0.029241310761682095,0.03305496594308436,0.038196759454314416,0.029668535842792915,0.10761568286507033,0.04273600195153023,0.03519823511656461,0.02525649866446293,0.04258173610007573,0.026997202356907363,0.043845599339227846,0.030857696926749206,0.061854545871479955,0.04276883764275854,0.027818564397040318,0.04084880453135407,0.03596817873908285,0.025420350302087613,0.06443159402046715,0.18039983187170353,0.03523906730156399
40,0.042467438161154634,0.04001516574445383,0.060264563965386035,0.04829622196199975,0.060531603850356774,0.026615646126025665,0.02859603555486952,0.02258672343097705,0.026915647783953778,0.02750166689379435,0.050097914418066124,0.04068468671665704,0.03368982285428858,0.0310865877373373,0.024568380332144046,0.026042285634614654,0.06978451168220089,0.06153703940282024,0.049152830801105385,0.19949349306259456,0.030071733885199792
41,0.04224257916202864,0.04536629561611466,0.027214768608966444,0.045189202557175595,0.04151573126526258,0.20412295092083643,0.06809198294300114,0.025369264978445133,0.030625652879570014,0.031478352821454336,0.049375117260830305,0.040061051358380784,0.027461303280924183,0.03446604026721811,0.03507427737368705,0.04688480687239096,0.03612241916571449,0.03358421557881565,0.05827842344110742,0.045545717615944385,0.03192984603213168
42,0.08110288818051292,0.05736623051245134,0.04083851912779939,0.08129067577654385,0.040855367097101546,0.024957211440577765,0.03445700822341572,0.07958380820703105,0.021537310780414768,0.027697751658866374,0.04248957286540628,0.04705876113152435,0.029982072068947815,0.033094017455148346,0.028923463913524353,0.02822016737369952,0.037773251044676805,0.1661746798192196,0.04346701375030526,0.028478743310909053,0.024651486261923882
43,0.0235060546873738,0.05569485417721717,0.05137646057127684,0.02596921219811212,0.0557095638492062,0.06232929398504019,0.033169260685656655,0.05320755551026507,0.034101466469237,0.02539791418847516,0.04095158903410296,0.018720550999233494,0.19305321827348484,0.05716587682300978,0.02693652194306488,0.048489052743956866,0.03064663628325903,0.036392076691936,0.04105681095991796,0.03527054145725602,0.050855488468918
44,0.05506661328654689,0.06881402717141338,0.027193159636201492,0.02793647546952364,0.022769948290532055,0.01761225151888813,0.012281862468522005,0.07690994298667313,0.12739533459495103,0.031430505886123526,0.038245465292463976,0.04247767575486458,0.02807879024159278,0.05993505893087212,0.036100868146145736,0.06531819104955111,0.02693184946733834,0.14617921743244447,0.02916515896077883,0.02616272798848407,0.033994875426088624
45,0.049531971038881795,0.030239408120525484,0.03273008769222211,0.02934911384497391,0.11377872459310356,0.02566572360661407,0.02522772773116616,0.0485779893878319,0.041639307065039995,0.02612407453892154,0.03182352562648048,0.02805781721611007,0.034784938064406155,0.07379805838879873,0.026354641482106228,0.041128675108591896,0.028506874007625794,0.030383499412382456,0.15152496991623002,0.11272533457859546,0.018047538579392175
46,0.07442490967362152,0.07629206283822297,0.02568125366384204,0.042979315376351274,0.036250912906382375,0.03369686226340559,0.08191611615111655,0.04232710229056247,0.06882405208399904,0.04580499848298106,0.037298475455770835,0.05899235000722919,0.0351750765566392,0.0575890617536798,0.03776766589039625,0.045789337096417415,0.044440270156057816,0.046586624840388814,0.02309694805614132,0.07430355295862855,0.010763051498165957
47,0.06842722693039342,0.023187801470836517,0.1078992344276723,0.10035111949070397,0.04116480890636649,0.03078542747471692,0.05934517912395023,0.02942167427979335,0.02087401553045624,0.01862398168748426,0.025582416767715416,0.030608387734422513,0.1084169658414047,0.03778037430242241,0.02794445268513675,0.06491794976347696,0.047880581965630865,0.03960813120551657,0.037320131518432144,0.042633174082195975,0.03722696481127202
48,0.09048060951408576,0.06493527538396128,0.06907996438223701,0.049270346676739914,0.04715841054417691,0.09070191469601578,0.051411748541678765,0.045279346771520124,0.0174968838629841,0.015920882580568438,0.03751298874727186,0.023515762420200207,0.01647065811285037,0.031388556885266004,0.017827425370786108,0.06646529503903444,0.09201303737292453,0.04358149996234972,0.08182915871696791,0.031636428537531895,0.016023805880848896
49,0.05297233088393899,0.03529770091072574,0.07648151721227084,0.058313716135046434,0.05377341910871205,0.03405764145037369,0.05223447810666066,0.04503374692244766,0.03790894485484985,0.03706316822300792,0.07762624637968106,0.0319682479646723,0.019598946277553767,0.062090151999677344,0.03994494097734686,0.05836651919493404,0.06145525522613021,0.07203044263112444,0.04746800610101062,0.0373306127928719,0.008983966646963666
50,0.06621761369165487,0.07704904355626435,0.03219261846217777,0.044058971137492554,0.03948007987773708,0.049244370322193386,0.02308729719313823,0.04686228777700372,0.03197877809604945,0.039187260762205724,0.03177266220795799,0.028682109079665185,0.07803649790798285,0.024283006176768315,0.024338637328977397,0.07470370714186524,0.10839989784985517,0.08516586104210055,0.03093587002094989,0.037642969435584143,0.026680460932376204
51,0.04233896463539207,0.05135061350404043,0.06162216474706086,0.05877645812332009,0.03093993597465546,0.045935956392788246,0.041861214393929896,0.07405124816912119,0.023961322330680768,0.04555776143846083,0.04187480444790052,0.02277121596951213,0.05114189558995156,0.04993480281253762,0.01779171152715842,0.04259349552732835,0.06681971689338755,0.1111187663863636,0.06040677830584976,0.03353748880456112,0.025613684025999558
52,0.032006627656363605,0.06884138982574851,0.048082240906435335,0.04070664628663739,0.0461144899462943,0.05267417295833016,0.04207856782225691,0.056512272013444,0.025841076079632135,0.1612341698739855,0.05223806437458773,0.04236727465988519,0.02842786831044843,0.0383297322443806,0.03432407484552818,0.027965222043140375,0.026023966680539357,0.05735376815446214,0.037479871011815345,0.04552955713257129,0.03586894717351355
53,0.02671468493069189,0.050230190157117514,0.02348351809639088,0.038056194250531694,0.12975448588534366,0.032952731577189524,0.047440862732556245,0.05067768546438328,0.0361615186982055,0.04683823837644361,0.0626419474021847,0.04234600607145611,0.031789675477655197,0.032041664593459716,0.03900429057073402,0.05360479856623918,0.04896504143997268,0.059861858143167274,0.0510717457231579,0.07900677874107355,0.017356083102045856
54,0.043178567688196196,0.19624259294275623,0.04384597712111236,0.059912577399940305,0.06933328382478382,0.02591489655584822,0.03509787705454382,0.05585883496655982,0.04186000099457211,0.031161893102568856,0.029259466363736622,0.043202682575149136,0.025060329789152135,0.03178171389801386,0.038326759956182684,0.0396310344870878,0.03390821907412417,0.027545398631161472,0.04759098184299277,0.03757851760406208,0.04370839412745553
55,0.150543843909657,0.03971102582200847,0.03783047928771184,0.041691029549265825,0.030607199333677903,0.08132176017129923,0.03798950009521221,0.03171302929930792,0.02992736018739704,0.0332293831664335,0.07301828666656857,0.022928910291365973,0.028944790346080922,0.03682858167754393,0.048182347626264804,0.06440430445911367,0.05975788574836679,0.04706317176486347,0.04946657109143351,0.022594892495584985,0.03224564701084246
56,0.08380139093237556,0.032850044820621434,0.021849917953058975,0.03522177955530926,0.02160877808023588,0.021680080992589685,0.06206082215382172,0.05630262140642023,0.025913148700250965,0.03809319725597592,0.04328492896865454,0.05847037365360117,0.024166177846798434,0.040819622773357996,0.044426121621290726,0.07493909610445426,0.06652202344729656,0.10401294897059891,0.0420864813586595,0.06764983078481057,0.03424061261981772
57,0.05280678378723943,0.04736916890997031,0.06890774856129624,0.04688222895820617,0.047048348094839654,0.04254812577946954,0.04504026660771505,0.04083471692524647,0.0449852882271935,0.04484201401753804,0.051070915063031776,0.05281458114090778,0.041171000752870286,0.05255303611276521,0.04329177617506397,0.04315815979219408,0.04269763526260115,0.051005873691395774,0.049032925486410604,0.04468347028835035,0.04725593636569464
58,0.03894291626018286,0.04762684280799976,0.04428920354749347,0.046976775624313294,0.050409361730443136,0.047084240634757746,0.04988607439631935,0.047592321294072794,0.048188894009867915,0.05295113236880642,0.0482557491171553,0.048180978406960916,0.037564250430506756,0.06113070307513211,0.05391017346191541,0.04851993172707906,0.03843103979631273,0.045827964285288174,0.048475389609230056,0.05158584587601845,0.04417021154014428
59,0.042130123041127156,0.049714989645242236,0.04888549660908872,0.046132324524110424,0.04801932573724571,0.04942680165477181,0.05250566611770747,0.0417040156714622,0.07264461434358292,0.030643421982467795,0.045270390717822,0.0470670147402791,0.04838473350862844,0.048595523139833556,0.03704039513165754,0.04608341774635274,0.046360848942343935,0.04810702045790174,0.049330717663637724,0.051270145591433634,0.05068301303330317
60,0.044359640061982016,0.04563472257827428,0.04650534210961852,0.044225317346294916,0.05441398271463818,0.042554643372673395,0.0565463942203061,0.04879742939097081,0.06002743035609635,0.0562750923716873,0.050678624822013095,0.04871160182307296,0.04565205949787565,0.046109803482018125,0.04084363479870275,0.043570663590079266,0.03802033666290367,0.03234967983547668,0.05490828466235929,0.054884944709431664,0.044930371593524976
61,0.03437803062858847,0.029963094969269476,0.04591810985010777,0.04811963324335564,0.039117650400169006,0.09147671437319259,0.06887718884868944,0.07608156260478818,0.0424167723544514,0.08095487748235806,0.03481308302019015,0.03627410337370079,0.044167699358878376,0.04430983865435365,0.0447218520792087,0.019286339237084508,0.04300981679630996,0.048902939977099234,0.05553143700635701,0.04085465634261528,0.03082459939923236
62,0.052935429009419215,0.04472734794357053,0.043843955989412785,0.048061321815394235,0.04076284566322263,0.06610049239919678,0.06262488633454553,0.030573823202178694,0.08755983812413125,0.04405996481622099,0.045947498383108076,0.0440505836000091,0.08030709048195663,0.05485857466241883,0.03216465180699113,0.04278420825133395,0.031103994977737054,0.03189403812430235,0.07826956876633458,0.025674102327561014,0.0116957833209547
63,0.04906534358172341,0.04394711816731833,0.02214504430038589,0.04395508497652049,0.05573770931036478,0.04051721958520843,0.04138411519472928,0.04270281591165995,0.08026511033016608,0.06150886144927988,0.04264082882451781,0.046638451070002286,0.0679525088310007,0.06060923784296193,0.050914390175782115,0.05357434067039554,0.03704123929787751,0.05044102216177901,0.04760513872836902,0.05016186751361237,0.011192552076345176
64,0.06557173324123661,0.04420486785777234,0.04760184751841993,0.042098096000754544,0.04249342994259695,0.056902261792000246,0.052675908323024094,0.021422520633632782,0.032085542695949515,0.026620028855978483,0.049231287106100426,0.0579867624809094,0.04155577543579357,0.04741645163802936,0.041148345443556285,0.07668369925099323,0.07976690707171886,0.040126734961964415,0.04483131677338372,0.07207710241625938,0.017499380559925885
65,0.051454103243215366,0.05614087432891086,0.03275958611760126,0.04722451905969408,0.06345211131117823,0.03343121008115504,0.05677821559891169,0.025600348209634013,0.09539315112304299,0.03046455258676892,0.05340308396612855,0.06899299870600302,0.025922616988419956,0.060586584369745344,0.0569468813686872,0.0448231651886847,0.05673060761109816,0.03448761188843714,0.03442295431192962,0.04450395867575765,0.026480865264996212
66,0.09709017033001655,0.0352229134031028,0.04537991646305567,0.04313658948451813,0.042452238357581655,0.07686571799257559,0.03479898068342923,0.05667885814989909,0.04609898905237796,0.03947536968572283,0.061171386698583574,0.041222988404498284,0.04412482498917706,0.05292441674391916,0.01797791019890879,0.05693074675700736,0.05485677572657979,0.0425418159384565,0.035499753296520185,0.04362581051536846,0.03192382712870137
67,0.03144779478093948,0.052686253063511136,0.053282951333681126,0.042937968342209414,0.04645731829301882,0.042126524032670885,0.04102086871314048,0.03588276946168836,0.025001624914398595,0.02010719799307779,0.036697853013958025,0.0985375411763305,0.07325288716695949,0.05793533896085277,0.03781480779034214,0.08300337130834327,0.08126725785745341,0.04411467912056718,0.041719472937493764,0.03947438775306009,0.015231131986303291
68,0.029488610199957566,0.024220385350286835,0.041111938554766476,0.03753568131264914,0.045125604715989615,0.059975310372415984,0.05326165226311937,0.14956560882169662,0.031834293833634085,0.07100825955538059,0.09089267944246775,0.037963730651690175,0.014891758573705123,0.03438129240043555,0.02961878658503346,0.027026168995884895,0.03769614570623172,0.06548374017328486,0.048266994340178136,0.03579273041243072,0.03485862773876133
69,0.027100866664393597,0.03889006983777047,0.02986551555710691,0.02373501583852025,0.08492570160732706,0.02267111740677467,0.07114685992498121,0.03279474558139179,0.03931207599896391,0.09314800457282375,0.08106118218094836,0.048670164408076054,0.02852298484967805,0.024309595756340712,0.038387873425717894,0.01138142704545389,0.024315624333382357,0.027581315071825666,0.10473761221538753,0.10634959927755938,0.04109264844557645
70,0.05370156562502434,0.03498818779928126,0.040285146894575574,0.04236931416180085,0.07609115331519227,0.06190697994326825,0.05377167259717902,0.06753836107138096,0.03155683004765404,0.02926671131948472,0.03804718177832347,0.05970129819940071,0.013117517064356788,0.0795633941936802,0.03274893606899728,0.06384059921568168,0.047235136966855794,0.06418555249886047,0.05836580330207808,0.02713328927634164,0.024585368660582613
71,0.04578363508954556,0.04672559601474604,0.026041379502576043,0.05517781468056962,0.06580330677369939,0.06423094050555138,0.027460468458927564,0.047171142452675806,0.028546625364362938,0.03698340261567431,0.03823678899972884,0.040180374443857754,0.053556528053107434,0.05174663088314538,0.03402275041365094,0.08908358343388768,0.11173199938397488,0.04007562076498211,0.044149056711075337,0.03365310403664408,0.019639251417616885
72,0.03468186105495235,0.04523624701452794,0.042199129344704656,0.0553366586239763,0.0332646127441759,0.04641450022417063,0.09792568059046251,0.029468699057474724,0.03736289319250804,0.039983352182864515,0.04798009520382943,0.04599435406110225,0.06379505227399557,0.044628858134115136,0.058500251809224246,0.057407761459641084,0.07130641142302203,0.02647239621913954,0.05961090416344935,0.029853749835725297,0.032576531386938494
73,0.06141266179557272,0.038384506426505975,0.045500155368969286,0.03754817546869876,0.0705086087797802,0.06596363846731264,0.030490695571430734,0.059356165582046205,0.03885705161019253,0.09551192730916568,0.05919375154161729,0.050905665961231285,0.019469285427364643,0.08143761416074431,0.018044806747929798,0.05928136414149715,0.03460457636217623,0.027655487086092473,0.04427912505905774,0.03654195453111929,0.02505278260149509
74,0.04812388206236354,0.1716464967433239,0.02781254474618843,0.0592712047271548,0.038886705094258546,0.03152254083385208,0.029035287833804935,0.044383333531878434,0.0642921651034004,0.029234241012823844,0.044642616156342164,0.06018300384112168,0.0380003898760176,0.038476095047821186,0.02894205846106689,0.04690240380307464,0.02165861429013949,0.04245818466136384,0.058069500824722925,0.04424589367727851,0.03221283767200214
75,0.06446450930438095,0.045461130850605096,0.029722950224468803,0.032304972486594634,0.05422814689354749,0.020342352327032368,0.017817821595500338,0.08858576432535663,0.028619984595744094,0.06941698712866207,0.06033018457185823,0.05696369465491182,0.0548888323984131,0.04149348833492885,0.013892326559115988,0.052215187919047834,0.07774249421733939,0.107178992751064,0.0339102925127038,0.028249447722472527,0.022170438626251968
76,0.08239906856626865,0.02625588321587793,0.049458643938997245,0.03535006777320158,0.039667654401359394,0.08941977246195158,0.04760470875443105,0.029239959081540774,0.04746444382811898,0.04204391393409388,0.045459426986013414,0.05182240901347265,0.11384376803495695,0.052257203524063094,0.021315736263082252,0.05321457673971567,0.04210557636963174,0.022996269305948374,0.03529467040133256,0.03933899546277611,0.03344725194316613
77,0.058469005282910845,0.055604914575627586,0.01752703882504191,0.03504874068817748,0.042031196133112646,0.061136564460305354,0.060261303365241964,0.07545958684962745,0.030574331051086867,0.06549762136049525,0.06914339269086094,0.038626153547475554,0.012474982400045694,0.06046712509737847,0.026251663117739618,0.04746977999395633,0.04919047932169917,0.06982848284875133,0.055443662488355146,0.06074638944076047,0.008747586461349934
78,0.05123091591000641,0.07709489912049315,0.06212649609497058,0.04344718798274064,0.03931306514125484,0.048295820407072476,0.039467019882978176,0.058172194961373484,0.05947572923360537,0.06839715624203431,0.042105994872002096,0.04550193983783274,0.037445515461186706,0.040900389562063266,0.061746738454199285,0.03723708834640729,0.02629063815809997,0.04457550042309447,0.04065021102548075,0.05392570646842242,0.022599792414681612
79,0.056460731022250556,0.030588458841678365,0.03061710711289654,0.03321245078678902,0.0710182874009219,0.04535593450554739,0.039843649080854644,0.04109922926069513,0.04175273034817136,0.045668034493718555,0.04725655962290486,0.043347009162601174,0.06477160191486181,0.0780295141184934,0.03419067938102877,0.04353282582664231,0.0755791939819996,0.057649361367524854,0.05074329694816859,0.036308364552200025,0.03297498027005114
80,0.06928518220134065,0.0444050722257617,0.056698491641019054,0.07517758827238565,0.056676230112187136,0.06234484171957303,0.053018474494408746,0.036338830638669016,0.03631190819505673,0.05285079867347967,0.06644373094280796,0.05086533435897619,0.010661494172249346,0.05127691244926358,0.04700152773407903,0.04934710263685469,0.020845341999668976,0.036328707361291374,0.07063607728525749,0.04438560159109687,0.009100751294573115
81,0.05019824068694715,0.030043478465382648,0.07621865539655838,0.08034479496537943,0.04773874369657253,0.047148710603190334,0.018451794362090792,0.04667393730525706,0.03938728902115838,0.06322296980630986,0.03641912125737203,0.062202657578882714,0.04742276447689453,0.05927133948726957,0.02899089559906681,0.04525564452326111,0.06487229772943348,0.06904360566262137,0.0387358818568592,0.03978082992407118,0.008576347595421403
82,0.04609073975560859,0.032632730847546136,0.07293283811447433,0.04778006187419811,0.10573641038856153,0.04043976263641933,0.036472958368134335,0.06670284980528728,0.016105291012978442,0.06451525271444734,0.05161958870802411,0.04777825270868713,0.03165332097303383,0.05128358095928629,0.04845317996185535,0.04187196884865926,0.039764220457428195,0.052703865629931235,0.05294314924643732,0.03848337654647154,0.014036600442530328
83,0.08844325014860145,0.04008993717820547,0.08744151609163812,0.15455229255236796,0.042371725989163334,0.03997252729164414,0.018175111547230626,0.02924002674141561,0.021212789903395368,0.035615041480296095,0.03269718761350579,0.041366226140674124,0.03819134115176944,0.06780735269925674,0.02477366930423519,0.06510174452983815,0.031986829590616,0.056086138807770886,0.030173960206976037,0.03639651641170117,0.01830481461969826
84,0.04459886527602683,0.05365932154513719,0.04965275963684162,0.042597930802796745,0.03687776410596045,0.04351944410263803,0.06659592335693225,0.06462438124898338,0.03430148625496317,0.0421978416083082,0.05714210383773353,0.021978229012677753,0.022356470224602493,0.061334770609520445,0.04894426889919699,0.05421821536557777,0.059766799414019856,0.0669873899712262,0.067424066530861,0.04952611962650494,0.011695848569491197
85,0.04786696391300053,0.07269953179800641,0.017971782523787477,0.04014289270983174,0.05114373369120664,0.03438100050584505,0.06793524124564386,0.0627885500050995,0.01898428944940003,0.04808847868071984,0.04179615147973289,0.05191676916958368,0.052391820581425864,0.05472259628551218,0.06457958276200687,0.055751446754868574,0.0405240168594355,0.059954734033843084,0.042807833601216344,0.060039508925771035,0.013513075024062918
86,0.03521007770574188,0.07563675143636774,0.05044549492152924,0.02679932797603121,0.03652502543727392,0.030760755691488156,0.03520926699334201,0.10278868521801411,0.026978159368216067,0.1185978639168553,0.07973437588067771,0.036682515983813946,0.031774282988113196,0.062237873642703744,0.024757234913349514,0.03558934715335207,0.03369588690558074,0.06546804544008412,0.04410046403394704,0.026150194505011964,0.02085836988850635
87,0.06696650379024326,0.03379871294024201,0.03214477484948376,0.0560962298385038,0.06008062841336511,0.02739604339737403,0.0438884133723094,0.02626710526677629,0.041088154246556916,0.0691978176489005,0.051940343348208635,0.03608863545519988,0.05328981446980156,0.04068970438559325,0.051060179794491706,0.10828003493486778,0.03991035538777182,0.04606775331861429,0.040608743105461885,0.043756874905909626,0.03138317713032451
88,0.07748061325506668,0.04131349387115054,0.039290130910456265,0.05163525487117112,0.0452414719450989,0.06329767183223811,0.08167955798459527,0.052023526460207616,0.046602438359259084,0.03928614584656699,0.039602466708305306,0.07469043697070425,0.047403662898558165,0.03491211450325562,0.05867962594031398,0.038903081930627414,0.02265563718659494,0.029801990448786547,0.04517083458736348,0.046410104095157806,0.023919739394521935
89,0.03194458363646507,0.027169195341754854,0.030757661658883367,0.02740757117666186,0.04580722019850105,0.02880848489826916,0.07462514625445,0.07502378570428964,0.028980000732634136,0.07723643925658234,0.04693545373832545,0.030061619575158127,0.03257295892093761,0.038482104830651315,0.054261181994366664,0.02783928073947863,0.05965942718300248,0.14496089739445603,0.041130982652601254,0.0437379362517445,0.032598067860786485
90,0.060738024735304874,0.03992583007378001,0.05423675410904455,0.06420917496651687,0.05025316884729327,0.04972621923617804,0.03851015052002294,0.03976372279858494,0.06385011467101223,0.049907702682281924,0.03780819467066599,0.035890045031886926,0.017361305412329508,0.05643541848769997,0.07138856202445563,0.05091075751120113,0.06591454478374238,0.03727834236014024,0.06725846335639163,0.031802532684292895,0.01683097103717409
91,0.08025356179896763,0.04955507317587928,0.035944197277965856,0.09354839140325537,0.04093355074248311,0.028414253684038947,0.021240766475240095,0.038679317651179955,0.02478274751546637,0.026010117306744563,0.042862313005135856,0.023168987225698445,0.023557396890987584,0.06291218962255164,0.03524580028485877,0.09426815718370968,0.0782052671712799,0.06073400084350475,0.056016832992074904,0.06588547424462217,0.017781603504355092
92,0.041678251062143845,0.036446694039366144,0.04974740701384215,0.04684868949308779,0.06532991821340327,0.03262510114484754,0.06216109864571958,0.039834054477698694,0.06762439795157216,0.043271683015469575,0.053621123146438944,0.05593650309255976,0.0672803974908445,0.06773406227497238,0.04187559225069896,0.041910147105243246,0.03863609608486613,0.03589966165182681,0.05571480700321193,0.03699523781592334,0.018829077026263328
93,0.02310372468425663,0.06700451755898391,0.0425807622337229,0.03825133171160917,0.14942252026472705,0.038183850139463876,0.032562609799795736,0.04516183246229643,0.03504057873797544,0.06099086708314481,0.0638338320711974,0.048750094617909245,0.0431045121209525,0.035678453176203294,0.03185584309842038,0.04924461686391245,0.02570277669181273,0.03779210157839794,0.039231969976315485,0.04501524526136456,0.047487959867538045
94,0.05134147968895431,0.036656284737521104,0.05202616374767683,0.0729763054708074,0.05974818406368706,0.05172637852835076,0.05136174754806059,0.033530016031055175,0.04526716691790083,0.04027698494491277,0.04576653191097688,0.08513812452304748,0.031139854897503396,0.053678349655690384,0.03839131465889525,0.07124572297243174,0.05993789405954165,0.024616586624768854,0.0343183193320424,0.03822433043454854,0.022632259251626596
95,0.0579455920013262,0.10871056815786255,0.019851389238786103,0.03805024541259464,0.054588211746537864,0.057984207264960175,0.0658007718431853,0.04603033876359191,0.036833593797037184,0.0688220052280477,0.0858240731061131,0.019174663519645946,0.02875601966339042,0.013604561125463132,0.023074684738623296,0.07249368768912733,0.054659280276789006,0.08010340965911862,0.023680619631626664,0.03398029155736835,0.010031785578804577
96,0.05057831326099507,0.01787518871183583,0.0551554287093192,0.04037999159990609,0.08846102799846134,0.03653348113997574,0.07333518555367036,0.04149050217548861,0.03246350108267262,0.030747967475917255,0.04764491472072968,0.024380975797770932,0.061315866101048104,0.041558413924043074,0.03253135101511384,0.01632220630371464,0.017661993769168403,0.05512713196423699,0.12958535728193196,0.07848346875491698,0.02836773265908332
97,0.06355173149207323,0.05650381703720509,0.04919782144283211,0.04484601608638877,0.04775307448493576,0.0442186675428713,0.08206231457778522,0.04614939292394854,0.057634969908023685,0.04264512215253858,0.04159037465656024,0.03844894741262465,0.01768175974064461,0.037377781279523487,0.07063465080864344,0.06045289276323069,0.028265351700239454,0.07061329468978493,0.028486772638916306,0.0499643997934551,0.02192084686777482
98,0.03676871709358448,0.05034475300803548,0.06966841579478183,0.03896176882003077,0.02652216760371878,0.03578451469306666,0.07170849466430769,0.041857132446035554,0.03428804800661967,0.06310614612081034,0.04657005684350184,0.1268137600793893,0.04797737185212053,0.023628028896080035,0.015945891693058385,0.08784357824070993,0.04284971800314306,0.026973355401761084,0.034133664276724984,0.04155450243442525,0.03669991402809434
99,0.03298721762747256,0.03454096351577052,0.039101650283111904,0.04397165404020978,0.0640441869873855,0.0656698056814861,0.07194639002517847,0.04459072792378513,0.06372174653881435,0.03736043673314108,0.03176393338371414,0.04895192697700848,0.0614291407850391,0.06148912825553827,0.08666335577129512,0.04063735109932708,0.03123854540190781,0.034937219011465494,0.05988805006977558,0.03395241005294206,0.011114159835631502
100,0.04074341649408202,0.03720178437528221,0.03097228837036237,0.05936004704817624,0.07023889598512924,0.04519216343592805,0.025932849396192822,0.03976104215028739,0.037874485763201675,0.09874092196153039,0.15297547339085915,0.03356729960017934,0.03051276411219467,0.027194284341770302,0.02648359897782494,0.039694435317853556,0.038406258318547104,0.06826954622077495,0.025549555944110004,0.040818866102707345,0.03051002269300622
101,0.05965739399872994,0.05656887516819966,0.044926094372727564,0.04032094406678522,0.0357274362069537,0.0481654318518071,0.02105692867821661,0.04999823587213303,0.03567382469442657,0.04974696056737874,0.04919576091979439,0.032336307651698315,0.04707450235789185,0.0398251049189404,0.035545717094578565,0.05881761530791596,0.04083251937451923,0.13371541558739872,0.038384534072881456,0.04617140316139182,0.036258994075631164
102,0.038320161369471605,0.03805752950593828,0.047677164898927454,0.07000577918424165,0.02631735339513909,0.030970447904614437,0.06696127164667588,0.04896814175967712,0.04723795640980383,0.08228707342327883,0.03694389771392873,0.0464530567180875,0.04354262015413698,0.057836748075952994,0.04850170105861742,0.050081700932553035,0.038821635628965005,0.025248148374423515,0.05620599276701413,0.06520064915010966,0.034360969928442876
103,0.08075837687433114,0.045774619372968346,0.06831363882852638,0.06521418545953979,0.0388072757374959,0.04209282559133116,0.03442364795930354,0.04056707047966932,0.02196753032606882,0.03969599534767245,0.04809208816560839,0.07351263838233495,0.017634484474709635,0.11209639310045566,0.037094512040607625,0.038332018903932376,0.06462496602879375,0.026339247394561654,0.04217189820669768,0.0462383512409412,0.016248236084450227
104,0.04708769034973936,0.03848884178714807,0.03904410917422557,0.037806755779013185,0.11373440279670168,0.03571372422395975,0.02196073166838938,0.023493145303711785,0.054052902577234045,0.07335251853835764,0.1276572286886262,0.032939747930252165,0.016248604308026035,0.0369849535054671,0.03818561408146006,0.01960092250246998,0.02645570214822483,0.04984752961733648,0.0447519758607127,0.0731014010846951,0.04949149807424888
105,0.04829595783711941,0.03523717553620454,0.05097332483646585,0.08315666261241701,0.053190589961164346,0.02120442580512509,0.0703609651000433,0.033387318811478946,0.05331833902767358,0.05388224692609228,0.07161438890547,0.046578153431303816,0.008298752534601066,0.06234413819864624,0.0494985602869989,0.04245933056194009,0.0300568647694186,0.04944592254642996,0.05648699754051256,0.06476423956407766,0.01544564520681678
106,0.030215676477181527,0.040123044007888756,0.05102878605342249,0.0521992246586452,0.0462148962209808,0.05278199354512705,0.04001039701590125,0.041354288264603405,0.0404399101563114,0.05452989215582731,0.07600260501283201,0.060020933810727255,0.012296164857997666,0.05507558101664937,0.03895970542790109,0.04763741857431203,0.05182013866078949,0.04816727143998962,0.05878128975928379,0.0893886847479214,0.012952098135707102
107,0.020824511788851335,0.04407871252519061,0.18835361661567743,0.07901574568644794,0.027030314566014513,0.049822195670319785,0.04005495775404822,0.0300179362096591,0.0321727636466793,0.0345177181679467,0.04642014804062769,0.04946782615660672,0.029742680218308216,0.05825348946332687,0.042468075848268595,0.03224504147891973,0.03632705616614946,0.037054682336082244,0.04732710232040763,0.02713611622689474,0.04766930911357312
108,0.06106161247112146,0.040482926992434685,0.043656693136952085,0.018397261906034464,0.07143691776032196,0.023859752474590115,0.030830645025781003,0.11523865026687041,0.028642395344888837,0.10388846419701432,0.038251419825098255,0.02588805887329261,0.019034804768247465,0.05800510444311896,0.044850622822903585,0.02657835831734255,0.09175292437683895,0.06474186433310791,0.02742612435864375,0.04408143124589164,0.02189396705950497
109,0.017683205819937067,0.03830709437348482,0.04601030493103764,0.08099524980152746,0.02978830021562161,0.02844937087456263,0.023920840408507938,0.09778707323454634,0.04103696339439473,0.10823734700700897,0.07330795277627693,0.05890660273735918,0.021674128631018964,0.05192058595110852,0.0541982451182293,0.02860389493277161,0.043338857959951814,0.064711424372557,0.03702214086615501,0.032855688958606126,0.021244727635336334
110,0.08493464683474165,0.040647952987808496,0.06907582758474386,0.06840846561535939,0.04738862407384347,0.06274781564387473,0.04518023501324803,0.041342904428191184,0.03149930414701032,0.038116057480696054,0.06448186354070856,0.08876767914285551,0.010721463153681396,0.02996010379143002,0.030387671059797363,0.06294813292649719,0.0537430301637263,0.026476756776810138,0.023981893160453554,0.05005057937876412,0.029138993095758653
111,0.07864660447182738,0.0723472111628765,0.028237775396845608,0.027864857442164475,0.04169381868050326,0.03461981998376168,0.06788852028017323,0.03277877162310004,0.07137334191672325,0.09243912529129823,0.030046791015024235,0.03875959322713054,0.03130443777673105,0.056342853718649825,0.021037218739926877,0.04449857555346378,0.05363049431338657,0.07526501983449498,0.03517034614555981,0.04060949315804003,0.02544533026831868
112,0.03885029544870892,0.03206227779636177,0.03295106529509385,0.022333647747501077,0.12745784959223555,0.023245139565469874,0.037513018924984536,0.05674082093328009,0.04576804303481735,0.043933143416886304,0.025299291220363864,0.042570839486511546,0.01603385343182006,0.031930860235355595,0.04860224627869261,0.040331354160807374,0.0424394031742179,0.050278417850734246,0.14877805349212486,0.05188024612996025,0.04100013278407241
113,0.041207186852391366,0.02355450930852948,0.12233735457524504,0.07867639280716508,0.08047817075512342,0.018325590831081873,0.04499368291222628,0.039902059606400336,0.05153386752428065,0.02331816788276807,0.04465163036788449,0.037507821967842934,0.028147875297478458,0.06552383697091406,0.04465317319181305,0.041030969517521394,0.042607960058599376,0.033574420418385285,0.0354657926592232,0.0756065043292821,0.026903032165844016
114,0.05839425079359998,0.05468849693146505,0.08204800361425492,0.10858642455347217,0.060330242147964404,0.02125179902192453,0.03702217197299545,0.03900600387069228,0.040506430510617725,0.03716084681861268,0.045905553150210075,0.0894986581939123,0.00915959638077741,0.06713348846748088,0.013301971996193644,0.038854033498735695,0.0412718383085855,0.030578208310766113,0.039691871588532913,0.051486201055144724,0.034123908814061576
115,0.11640116087337625,0.02442326360025919,0.033406463638313795,0.07994325880497825,0.05543016883211674,0.08243132829125423,0.03603753070010904,0.04595128242673576,0.02963979921599945,0.013832106030165348,0.06603025045434767,0.01769994385093027,0.019098598017552832,0.05820138401935055,0.035930532273826934,0.061720006891213576,0.09460773892510972,0.041217071172614785,0.03789449749898906,0.031279963086776365,0.018823651395980207
116,0.035339314162413954,0.03889986936019815,0.04811933209510783,0.03323991665160896,0.04800030464710881,0.015097526214569208,0.0426417411236626,0.05487083209620792,0.03904626484011661,0.1406421519642803,0.06043176566655519,0.0367603789504577,0.05718253069974099,0.030090421160426383,0.03852563065867739,0.04020988459816655,0.0747936829182429,0.04332454105688813,0.05491283886512188,0.03979955364759792,0.02807151862285066
117,0.0653066598454397,0.034754136661583675,0.04449808554808841,0.043596305830504535,0.04135713001067396,0.06819745278931087,0.05000632430178137,0.0202008642216777,0.051336195067972344,0.058220265475988055,0.052210343196682864,0.07842678931007556,0.017490494092983373,0.05579415713473062,0.04447453709215395,0.07576929913113516,0.054170482102336305,0.039582286509930655,0.031217332432778366,0.05233165571406218,0.021059203530110357
118,0.061440946912469714,0.03373198160795441,0.0310734610704291,0.04903872146598415,0.02970121967908004,0.08320442542615865,0.11927516107759643,0.023974149285816832,0.03318901995341117,0.015724926227721033,0.02390852602345818,0.03726434413517495,0.10747954833992972,0.03788944719066766,0.023213835898430218,0.09579890872553909,0.0775594569753567,0.03181257242670164,0.03268681728269241,0.0313006934924452,0.020731836802982708
119,0.06969354369403274,0.17285299645616867,0.05528797360208782,0.05010303978133729,0.024878539346200768,0.046575534301516536,0.0354498002457474,0.02739691008910043,0.025005400273455214,0.03620258598564265,0.057332341490678895,0.04464971697352096,0.02066000986668878,0.04688491240819238,0.044272419938472383,0.04832958060370843,0.03245686545620729,0.04754498531104671,0.054276999004241565,0.039328256978113985,0.02081758819383913
120,0.04610975182524505,0.029052074547521706,0.03639054804490986,0.01997967079488182,0.09306691188057015,0.03176018933800801,0.028889724481779334,0.0574136308851153,0.05443469155960599,0.07727146868846073,0.07007704415299856,0.025423255283513052,0.026019029591090856,0.03721739470901581,0.04287610129038529,0.023240385688172802,0.06616079733898908,0.13306999698596939,0.03689534968277147,0.04143139485738314,0.023220588373612575
121,0.05612837424670477,0.027024294838377125,0.04184561181536504,0.055478077157054106,0.035589988882390296,0.03023673770954703,0.04879154725560653,0.02399163787577226,0.10632265753380665,0.04487595823664048,0.035498805984893356,0.04025908840420503,0.023543990093394387,0.07364250116279361,0.07034023998403383,0.06862028462354618,0.043266514966628,0.0495923123500539,0.05301103497577345,0.047954867412307554,0.023985474491106485
122,0.023720323509131502,0.043341544615000734,0.03238948890914576,0.05175486767841523,0.05499963648342019,0.028521788739265835,0.05558621155890551,0.034987519971562554,0.06954509082227923,0.16899969220975564,0.055874337691984334,0.04253215623378651,0.03165604378846416,0.03461846746898888,0.022543783500308615,0.03901642209686199,0.03995610490812485,0.05434874331160846,0.037092880056674125,0.030483926598382522,0.04803096984793336
123,0.047648537987346286,0.05530295951220521,0.033818226353736436,0.058178000291106945,0.05208122098629778,0.057439087947787924,0.050123819079735704,0.02035069405087211,0.05616143535630277,0.03467444608139205,0.03635145985941556,0.02830699743942297,0.018675317651754616,0.056318723990057336,0.03379966490318432,0.04236357153065697,0.1305483340644245,0.06309765618997183,0.053804277617832706,0.05255931836110739,0.018396250745388584
